30.0 1.2
31.0 0.52
32.0 1.01
33.0 1.25
34.0 1.22
35.0 0.66
36.0 -0.34
37.0 0.1
38.0 0.4
39.0 0.38
40.0 0.3
41.0 -0.06
42.0 -0.38
43.0 -0.3
44.0 -0.11
45.0 0.05
46.0 0.1
47.0 -0.04
48.0 -0.15
49.0 0.25
50.0 0.45
51.0 0.54
52.0 0.6
53.0 0.69
54.0 0.72
55.0 0.73
56.0 0.68
57.0 0.72
58.0 0.76
59.0 0.8
60.0 0.77
61.0 0.75
62.0 0.69
63.0 0.61
64.0 0.54
65.0 0.51
66.0 0.49
67.0 0.43
68.0 0.4
69.0 0.44
70.0 0.5
71.0 0.58
72.0 0.62
73.0 0.59
74.0 0.51
75.0 0.39
76.0 0.27
77.0 0.17
78.0 0.05
79.0 -0.08
80.0 -0.19
81.0 -0.27
82.0 -0.28
83.0 -0.25
84.0 -0.21
85.0 -0.17
86.0 -0.21
87.0 -0.3
88.0 -0.41
89.0 -0.47
90.0 -0.46
91.0 -0.39
92.0 -0.34
93.0 -0.31
94.0 -0.34
95.0 -0.39
96.0 -0.4
97.0 -0.4
98.0 -0.32
99.0 -0.28
100.0 -0.24
105.0 0.3
110.0 0.27
115.0 0.25
120.0 0.22
125.0 0.11
130.0 -0.23
135.0 -0.84
140.0 -1.39
145.0 -1.6
150.0 -1.08
155.0 0.07
160.0 0.22
165.0 0.01
170.0 -0.19
175.0 -0.89
180.0 -1.0
185.0 -0.58
190.0 0.02
195.0 0.68
200.0 0.74
