30.0 0.46
31.0 1.1
32.0 1.39
33.0 1.54
34.0 1.5
35.0 0.92
36.0 0.57
37.0 1.13
38.0 1.3
39.0 1.42
40.0 1.39
41.0 1.13
42.0 1.15
43.0 1.52
44.0 1.69
45.0 1.8
46.0 1.7
47.0 1.39
48.0 1.71
49.0 1.74
50.0 1.64
51.0 1.48
52.0 1.23
53.0 1.03
54.0 0.78
55.0 0.51
56.0 0.38
57.0 0.34
58.0 0.2
59.0 0.09
60.0 -0.02
61.0 -0.12
62.0 -0.18
63.0 -0.16
64.0 -0.09
65.0 -0.04
66.0 -0.01
67.0 -0.02
68.0 0.07
69.0 0.13
70.0 0.13
71.0 0.08
72.0 -0.07
73.0 -0.28
74.0 -0.5
75.0 -0.65
76.0 -0.76
77.0 -0.81
78.0 -0.85
79.0 -0.87
80.0 -0.9
81.0 -0.96
82.0 -0.98
83.0 -0.98
84.0 -0.95
85.0 -0.98
86.0 -1.08
87.0 -1.2
88.0 -1.3
89.0 -1.45
90.0 -1.47
91.0 -1.37
92.0 -1.25
93.0 -1.15
94.0 -1.06
95.0 -1.0
96.0 -0.9
97.0 -0.78
98.0 -0.66
99.0 -0.51
100.0 -0.4
105.0 0.09
110.0 -0.38
115.0 -0.94
120.0 -0.75
125.0 0.16
130.0 0.76
135.0 0.91
140.0 0.79
145.0 0.82
150.0 1.3
155.0 1.88
160.0 1.58
165.0 0.27
170.0 -0.75
175.0 -1.57
180.0 -2.06
185.0 -1.18
190.0 -0.74
195.0 -0.92
200.0 -1.12
