30.0 -0.54
31.0 0.08
32.0 0.3
33.0 0.44
34.0 0.33
35.0 -0.22
36.0 -0.38
37.0 0.06
38.0 0.17
39.0 0.26
40.0 0.27
41.0 0.03
42.0 0.09
43.0 0.38
44.0 0.52
45.0 0.6
46.0 0.47
47.0 0.2
48.0 0.44
49.0 0.44
50.0 0.35
51.0 0.2
52.0 -0.04
53.0 -0.21
54.0 -0.39
55.0 -0.54
56.0 -0.53
57.0 -0.49
58.0 -0.56
59.0 -0.6
60.0 -0.6
61.0 -0.6
62.0 -0.51
63.0 -0.42
64.0 -0.27
65.0 -0.2
66.0 -0.12
67.0 -0.09
68.0 -0.02
69.0 0.05
70.0 0.11
71.0 0.16
72.0 0.16
73.0 0.12
74.0 0.12
75.0 0.13
76.0 0.16
77.0 0.19
78.0 0.17
79.0 0.05
80.0 -0.02
81.0 -0.02
82.0 0.01
83.0 0.09
84.0 0.18
85.0 0.23
86.0 0.24
87.0 0.17
88.0 0.11
89.0 -0.04
90.0 0.05
91.0 0.18
92.0 0.3
93.0 0.39
94.0 0.42
95.0 0.46
96.0 0.56
97.0 0.63
98.0 0.76
99.0 0.88
100.0 0.97
105.0 1.64
110.0 1.47
115.0 0.98
120.0 0.82
125.0 0.46
130.0 0.37
135.0 0.38
140.0 0.4
145.0 0.74
150.0 1.89
155.0 1.93
160.0 1.0
165.0 0.03
170.0 -1.01
175.0 -2.12
180.0 -2.31
185.0 -1.34
190.0 -0.83
195.0 0.38
200.0 -0.17
