30.0 0.14
31.0 0.67
32.0 1.04
33.0 1.22
34.0 1.2
35.0 0.54
36.0 0.17
37.0 0.8
38.0 1.01
39.0 1.09
40.0 1.1
41.0 0.88
42.0 0.8
43.0 1.11
44.0 1.31
45.0 1.45
46.0 1.41
47.0 1.03
48.0 1.28
49.0 1.36
50.0 1.28
51.0 1.11
52.0 0.9
53.0 0.66
54.0 0.45
55.0 0.16
56.0 0.01
57.0 -0.05
58.0 -0.2
59.0 -0.31
60.0 -0.4
61.0 -0.49
62.0 -0.52
63.0 -0.44
64.0 -0.32
65.0 -0.21
66.0 -0.19
67.0 -0.14
68.0 -0.01
69.0 0.1
70.0 0.2
71.0 0.23
72.0 0.22
73.0 0.13
74.0 0.03
75.0 -0.02
76.0 -0.05
77.0 -0.06
78.0 0.01
79.0 0.01
80.0 0.02
81.0 0.01
82.0 0.03
83.0 -0.1
84.0 -0.18
85.0 -0.24
86.0 -0.35
87.0 -0.51
88.0 -0.62
89.0 -0.67
90.0 -0.62
91.0 -0.5
92.0 -0.4
93.0 -0.3
94.0 -0.18
95.0 -0.08
96.0 0.03
97.0 0.19
98.0 0.33
99.0 0.52
100.0 0.65
105.0 1.52
110.0 1.29
115.0 0.56
120.0 0.06
125.0 -0.36
130.0 -0.83
135.0 -0.21
140.0 -0.43
145.0 0.3
150.0 1.04
155.0 1.09
160.0 1.02
165.0 0.62
170.0 0.35
175.0 -0.45
180.0 0.6
185.0 0.0
190.0 0.24
195.0 0.24
200.0 0.03
