30.0 1.41
31.0 0.28
32.0 0.9
33.0 1.12
34.0 1.01
35.0 0.29
36.0 -0.16
37.0 0.43
38.0 0.48
39.0 0.4
40.0 0.26
41.0 -0.14
42.0 -0.42
43.0 -0.17
44.0 -0.03
45.0 0.07
46.0 0.19
47.0 0.04
48.0 -0.07
49.0 0.28
50.0 0.45
51.0 0.58
52.0 0.63
53.0 0.65
54.0 0.69
55.0 0.65
56.0 0.69
57.0 0.79
58.0 0.82
59.0 0.82
60.0 0.81
61.0 0.74
62.0 0.7
63.0 0.67
64.0 0.59
65.0 0.65
66.0 0.6
67.0 0.54
68.0 0.47
69.0 0.48
70.0 0.53
71.0 0.58
72.0 0.67
73.0 0.68
74.0 0.67
75.0 0.66
76.0 0.66
77.0 0.57
78.0 0.48
79.0 0.36
80.0 0.26
81.0 0.17
82.0 0.18
83.0 0.21
84.0 0.27
85.0 0.28
86.0 0.22
87.0 0.11
88.0 -0.01
89.0 -0.08
90.0 -0.11
91.0 -0.05
92.0 -0.02
93.0 -0.02
94.0 -0.07
95.0 -0.15
96.0 -0.17
97.0 -0.17
98.0 -0.11
99.0 -0.1
100.0 -0.09
105.0 0.42
110.0 0.17
115.0 0.15
120.0 0.41
125.0 0.15
130.0 -0.41
135.0 -0.55
140.0 -0.47
145.0 -0.37
150.0 -0.08
155.0 0.32
160.0 0.49
165.0 0.2
170.0 0.15
175.0 -0.04
180.0 -0.23
185.0 -0.09
190.0 0.05
195.0 -0.05
200.0 -0.09
