30.0 0.07
31.0 0.89
32.0 1.19
33.0 1.39
34.0 1.35
35.0 0.76
36.0 0.41
37.0 1.08
38.0 1.28
39.0 1.35
40.0 1.36
41.0 1.08
42.0 1.05
43.0 1.4
44.0 1.59
45.0 1.72
46.0 1.63
47.0 1.36
48.0 1.65
49.0 1.72
50.0 1.64
51.0 1.49
52.0 1.31
53.0 1.08
54.0 0.87
55.0 0.62
56.0 0.51
57.0 0.41
58.0 0.27
59.0 0.14
60.0 -0.02
61.0 -0.17
62.0 -0.26
63.0 -0.23
64.0 -0.15
65.0 -0.11
66.0 -0.15
67.0 -0.16
68.0 -0.06
69.0 0.03
70.0 0.08
71.0 0.07
72.0 -0.01
73.0 -0.18
74.0 -0.35
75.0 -0.43
76.0 -0.51
77.0 -0.56
78.0 -0.61
79.0 -0.69
80.0 -0.76
81.0 -0.82
82.0 -0.85
83.0 -0.88
84.0 -0.94
85.0 -1.04
86.0 -1.19
87.0 -1.39
88.0 -1.53
89.0 -1.67
90.0 -1.62
91.0 -1.47
92.0 -1.31
93.0 -1.13
94.0 -0.96
95.0 -0.79
96.0 -0.6
97.0 -0.37
98.0 -0.18
99.0 0.01
100.0 0.13
105.0 0.73
110.0 -0.07
115.0 -1.11
120.0 -0.46
125.0 0.34
130.0 0.74
135.0 0.58
140.0 -0.24
145.0 -0.22
150.0 1.01
155.0 0.79
160.0 0.47
165.0 0.13
170.0 0.27
175.0 -0.01
180.0 0.1
185.0 -0.15
190.0 0.08
195.0 0.09
200.0 -0.01
