30.0 -0.8
31.0 -0.16
32.0 0.22
33.0 0.3
34.0 0.22
35.0 -0.35
36.0 -0.51
37.0 -0.05
38.0 0.19
39.0 0.27
40.0 0.26
41.0 0.05
42.0 -0.01
43.0 0.29
44.0 0.44
45.0 0.53
46.0 0.43
47.0 0.08
48.0 0.33
49.0 0.34
50.0 0.23
51.0 0.08
52.0 -0.11
53.0 -0.31
54.0 -0.48
55.0 -0.66
56.0 -0.69
57.0 -0.68
58.0 -0.75
59.0 -0.77
60.0 -0.76
61.0 -0.75
62.0 -0.66
63.0 -0.5
64.0 -0.3
65.0 -0.2
66.0 -0.13
67.0 -0.06
68.0 0.07
69.0 0.13
70.0 0.21
71.0 0.26
72.0 0.3
73.0 0.33
74.0 0.31
75.0 0.33
76.0 0.33
77.0 0.31
78.0 0.25
79.0 0.18
80.0 0.19
81.0 0.19
82.0 0.27
83.0 0.35
84.0 0.44
85.0 0.52
86.0 0.5
87.0 0.49
88.0 0.49
89.0 0.52
90.0 0.56
91.0 0.65
92.0 0.8
93.0 0.93
94.0 1.03
95.0 1.13
96.0 1.23
97.0 1.35
98.0 1.49
99.0 1.64
100.0 1.74
105.0 2.46
110.0 2.33
115.0 1.79
120.0 1.37
125.0 0.74
130.0 0.35
135.0 0.25
140.0 0.06
145.0 -0.12
150.0 0.83
155.0 0.71
160.0 0.67
165.0 0.36
170.0 0.15
175.0 -0.49
180.0 0.24
185.0 -0.15
190.0 0.4
195.0 0.28
200.0 -0.12
