200.0 -0.68
205.0 -0.87
210.0 -1.18
215.0 -1.35
220.0 -1.2
225.0 -1.11
230.0 -1.14
235.0 -1.87
240.0 -1.98
245.0 -1.82
250.0 -1.57
255.0 -0.87
260.0 -0.3
265.0 -0.57
270.0 -0.16
275.0 -0.06
280.0 -0.04
285.0 -0.24
290.0 -0.56
295.0 -1.17
300.0 -0.73
305.0 -0.41
310.0 -1.04
315.0 -1.47
320.0 -1.62
325.0 -1.89
330.0 -1.48
335.0 -1.29
340.0 -1.0
345.0 -0.99
350.0 -0.99
355.0 -0.73
360.0 -0.37
365.0 -0.21
370.0 -0.19
375.0 -0.54
380.0 -0.75
385.0 -0.9
390.0 -1.13
395.0 -0.96
400.0 -1.0
405.0 -0.91
410.0 -0.87
415.0 -0.87
420.0 -0.87
425.0 -0.82
430.0 -0.81
435.0 -0.67
440.0 -0.59
445.0 -0.53
450.0 -0.49
455.0 -0.44
460.0 -0.34
465.0 -0.36
470.0 -0.52
475.0 -1.03
480.0 -1.49
485.0 -1.53
490.0 -1.33
495.0 -1.22
500.0 -1.03
510.0 -0.93
520.0 -1.22
530.0 -1.13
540.0 -1.24
550.0 -1.24
560.0 -1.27
570.0 -1.4
580.0 -1.67
590.0 -1.23
600.0 -2.04
610.0 -1.58
620.0 -1.76
630.0 -1.9
640.0 -1.65
650.0 -1.21
660.0 -1.11
670.0 -0.62
680.0 -0.51
690.0 -0.71
700.0 -0.93
710.0 -1.29
720.0 -1.63
730.0 -1.87
740.0 -1.86
750.0 -1.87
760.0 -1.3
770.0 -0.91
780.0 -0.95
790.0 -1.46
800.0 -1.75
810.0 -1.36
820.0 -1.06
830.0 -1.11
840.0 -1.16
850.0 -0.94
860.0 -0.81
870.0 -0.9
880.0 -1.13
890.0 -1.56
900.0 -2.04
910.0 -2.21
920.0 -1.75
930.0 -1.95
940.0 -2.24
950.0 -2.45
960.0 -2.14
970.0 -1.95
980.0 -2.14
990.0 -2.44
1000.0 -2.65
