200.0 -0.97
205.0 -1.15
210.0 -1.42
215.0 -0.49
220.0 -0.08
225.0 0.34
230.0 0.59
235.0 0.09
240.0 -0.19
245.0 -0.25
250.0 -0.18
255.0 0.15
260.0 0.4
265.0 0.14
270.0 0.61
275.0 0.92
280.0 1.09
285.0 0.75
290.0 0.39
295.0 -0.22
300.0 -0.24
305.0 0.18
310.0 -0.08
315.0 -0.15
320.0 -0.15
325.0 -0.11
330.0 -0.06
335.0 -0.11
340.0 -0.15
345.0 -0.4
350.0 -0.66
355.0 -0.49
360.0 -0.33
365.0 -0.27
370.0 -0.09
375.0 0.03
380.0 0.12
385.0 0.13
390.0 0.08
395.0 0.14
400.0 0.08
405.0 -0.05
410.0 -0.2
415.0 -0.37
420.0 -0.38
425.0 -0.26
430.0 -0.16
435.0 0.02
440.0 0.06
445.0 0.06
450.0 -0.01
455.0 -0.14
460.0 -0.23
465.0 -0.31
470.0 -0.53
475.0 -1.06
480.0 -1.48
485.0 -1.35
490.0 -1.09
495.0 -0.98
500.0 -0.87
510.0 -0.98
520.0 -1.32
530.0 -1.2
540.0 -1.32
550.0 -1.43
560.0 -1.45
570.0 -1.07
580.0 -0.33
590.0 -0.38
600.0 -1.47
610.0 -0.87
620.0 -0.79
630.0 -0.68
640.0 -0.54
650.0 -0.47
660.0 -0.52
670.0 -0.14
680.0 0.25
690.0 0.06
700.0 -0.12
710.0 -0.61
720.0 -0.83
730.0 -1.02
740.0 -1.43
750.0 -1.09
760.0 -0.69
770.0 -0.71
780.0 -0.94
790.0 -0.7
800.0 -0.73
810.0 -0.59
820.0 -0.55
830.0 -0.67
840.0 -0.84
850.0 -0.81
860.0 -1.08
870.0 -1.4
880.0 -1.77
890.0 -2.21
900.0 -1.78
910.0 -1.3
920.0 -1.15
930.0 -1.76
940.0 -2.01
950.0 -2.01
960.0 -1.76
970.0 -1.6
980.0 -1.37
990.0 -1.41
1000.0 -1.02
