200.0 -1.3
205.0 -1.11
210.0 -0.67
215.0 -0.12
220.0 -0.16
225.0 -0.21
230.0 -0.02
235.0 -0.4
240.0 -0.35
245.0 -0.26
250.0 -0.05
255.0 0.29
260.0 0.47
265.0 0.24
270.0 0.66
275.0 0.68
280.0 0.77
285.0 0.73
290.0 0.61
295.0 -0.09
300.0 -0.3
305.0 0.4
310.0 0.11
315.0 -0.03
320.0 -0.15
325.0 -0.17
330.0 -0.22
335.0 -0.26
340.0 -0.13
345.0 -0.31
350.0 -0.41
355.0 -0.24
360.0 -0.16
365.0 -0.15
370.0 -0.1
375.0 -0.13
380.0 -0.12
385.0 -0.11
390.0 -0.11
395.0 0.01
400.0 0.03
405.0 -0.04
410.0 -0.1
415.0 -0.15
420.0 -0.16
425.0 -0.1
430.0 -0.07
435.0 0.01
440.0 -0.02
445.0 -0.07
450.0 -0.09
455.0 -0.13
460.0 -0.13
465.0 -0.19
470.0 -0.35
475.0 -0.56
480.0 -0.73
485.0 -0.77
490.0 -0.71
495.0 -0.77
500.0 -0.75
510.0 -0.92
520.0 -1.07
530.0 -1.06
540.0 -1.03
550.0 -1.17
560.0 -1.45
570.0 -1.19
580.0 -0.48
590.0 -0.3
600.0 -1.05
610.0 -0.71
620.0 -0.98
630.0 -0.69
640.0 -0.37
650.0 -0.07
660.0 0.02
670.0 -0.12
680.0 -0.04
690.0 -0.27
700.0 -0.33
710.0 -0.27
720.0 -0.24
730.0 -0.38
740.0 -0.74
750.0 -1.04
760.0 -0.77
770.0 -0.71
780.0 -0.97
790.0 -1.04
800.0 -0.77
810.0 -0.34
820.0 -0.08
830.0 -0.3
840.0 -0.61
850.0 -0.65
860.0 -0.74
870.0 -0.92
880.0 -1.14
890.0 -1.7
900.0 -1.69
910.0 -0.93
920.0 -0.89
930.0 -1.36
940.0 -1.83
950.0 -1.98
960.0 -1.83
970.0 -1.69
980.0 -1.62
990.0 -1.31
1000.0 -0.98
