200.0 -1.37
205.0 -1.42
210.0 -0.92
215.0 -0.36
220.0 -0.2
225.0 -0.07
230.0 0.22
235.0 -0.18
240.0 -0.19
245.0 -0.21
250.0 -0.11
255.0 0.11
260.0 0.37
265.0 0.02
270.0 0.5
275.0 0.58
280.0 0.61
285.0 0.51
290.0 0.42
295.0 -0.18
300.0 -0.16
305.0 0.38
310.0 0.01
315.0 -0.25
320.0 -0.26
325.0 -0.27
330.0 -0.25
335.0 -0.33
340.0 -0.32
345.0 -0.53
350.0 -0.66
355.0 -0.54
360.0 -0.48
365.0 -0.39
370.0 -0.2
375.0 -0.04
380.0 0.06
385.0 0.15
390.0 0.09
395.0 0.07
400.0 0.0
405.0 -0.1
410.0 -0.2
415.0 -0.25
420.0 -0.21
425.0 -0.1
430.0 -0.07
435.0 -0.07
440.0 -0.19
445.0 -0.37
450.0 -0.44
455.0 -0.45
460.0 -0.34
465.0 -0.26
470.0 -0.35
475.0 -0.61
480.0 -0.71
485.0 -0.66
490.0 -0.71
495.0 -0.86
500.0 -0.86
510.0 -0.91
520.0 -1.01
530.0 -1.18
540.0 -1.37
550.0 -1.58
560.0 -1.75
570.0 -1.28
580.0 -0.67
590.0 -0.62
600.0 -1.57
610.0 -1.06
620.0 -0.87
630.0 -0.55
640.0 -0.5
650.0 -0.46
660.0 -0.6
670.0 -0.47
680.0 -0.25
690.0 -0.31
700.0 -0.24
710.0 -0.34
720.0 -0.42
730.0 -0.73
740.0 -0.9
750.0 -0.99
760.0 -0.69
770.0 -0.6
780.0 -0.97
790.0 -1.45
800.0 -1.22
810.0 -0.99
820.0 -0.8
830.0 -0.77
840.0 -0.67
850.0 -0.61
860.0 -0.72
870.0 -1.01
880.0 -1.36
890.0 -1.81
900.0 -1.66
910.0 -0.98
920.0 -1.05
930.0 -1.67
940.0 -1.85
950.0 -1.99
960.0 -2.03
970.0 -1.91
980.0 -1.89
990.0 -1.45
1000.0 -1.3
