200.0 -1.19
205.0 -1.24
210.0 -1.01
215.0 -0.97
220.0 -0.94
225.0 -0.83
230.0 -0.79
235.0 -0.78
240.0 -0.83
245.0 -0.8
250.0 -0.72
255.0 -0.49
260.0 -0.19
265.0 -0.04
270.0 -0.2
275.0 -0.39
280.0 -0.57
285.0 -0.99
290.0 -0.94
295.0 -1.26
300.0 -0.71
305.0 -1.02
310.0 -1.0
315.0 -0.84
320.0 -0.67
325.0 -0.5
330.0 -0.29
335.0 -0.23
340.0 -0.17
345.0 0.01
350.0 0.12
355.0 -0.1
360.0 -0.17
365.0 -0.25
370.0 -0.34
375.0 -0.48
380.0 -0.61
385.0 -0.62
390.0 -0.65
395.0 -0.91
400.0 -0.99
405.0 -0.84
410.0 -0.83
415.0 -0.82
420.0 -0.85
425.0 -0.78
430.0 -0.9
435.0 -0.99
440.0 -1.0
445.0 -1.12
450.0 -1.09
455.0 -1.19
460.0 -0.86
465.0 -0.67
470.0 -0.62
475.0 -1.01
480.0 -1.25
485.0 -1.17
490.0 -0.99
495.0 -0.89
500.0 -0.87
510.0 -0.68
520.0 -0.92
530.0 -1.24
540.0 -1.17
550.0 -1.16
560.0 -1.13
570.0 -1.04
580.0 -1.14
590.0 -0.83
600.0 -0.12
610.0 -0.32
620.0 -0.33
630.0 -0.39
640.0 -0.71
650.0 -1.0
660.0 -1.47
670.0 -0.78
680.0 -0.61
690.0 -0.68
700.0 -1.07
710.0 -1.65
720.0 -1.94
730.0 -1.79
740.0 -1.12
750.0 -0.88
760.0 -0.72
770.0 -0.8
780.0 -0.63
790.0 0.05
800.0 0.07
810.0 -0.56
820.0 -1.06
830.0 -1.15
840.0 -1.65
850.0 -1.27
860.0 -1.33
870.0 -1.46
880.0 -0.97
890.0 -0.54
900.0 -1.07
910.0 -1.55
920.0 -1.62
930.0 -1.98
940.0 -2.11
950.0 -1.48
960.0 -1.02
970.0 -0.67
980.0 -0.56
990.0 -0.92
1000.0 -1.01
