200.0 -0.39
205.0 -0.31
210.0 -0.14
215.0 -0.1
220.0 -0.01
225.0 -0.05
230.0 0.0
235.0 0.05
240.0 0.05
245.0 -0.04
250.0 -0.08
255.0 0.02
260.0 0.12
265.0 0.04
270.0 0.32
275.0 0.45
280.0 0.51
285.0 0.14
290.0 0.02
295.0 -0.32
300.0 -0.09
305.0 -0.44
310.0 -0.3
315.0 -0.33
320.0 -0.4
325.0 -0.38
330.0 -0.17
335.0 -0.12
340.0 -0.04
345.0 0.11
350.0 0.26
355.0 0.0
360.0 -0.13
365.0 -0.24
370.0 -0.27
375.0 -0.31
380.0 -0.38
385.0 -0.34
390.0 -0.44
395.0 -0.45
400.0 -0.41
405.0 -0.29
410.0 -0.31
415.0 -0.44
420.0 -0.42
425.0 -0.36
430.0 -0.38
435.0 -0.39
440.0 -0.5
445.0 -0.64
450.0 -0.76
455.0 -0.69
460.0 -0.38
465.0 -0.07
470.0 0.04
475.0 -0.32
480.0 -0.66
485.0 -0.74
490.0 -0.7
495.0 -0.69
500.0 -0.65
510.0 -0.51
520.0 -0.71
530.0 -0.73
540.0 -0.52
550.0 -0.56
560.0 -0.37
570.0 -0.32
580.0 -0.51
590.0 -0.8
600.0 -0.38
610.0 -0.51
620.0 -0.28
630.0 -0.38
640.0 -0.61
650.0 -0.87
660.0 -0.87
670.0 -0.59
680.0 -0.79
690.0 -0.66
700.0 -0.71
710.0 -1.22
720.0 -1.5
730.0 -1.35
740.0 -0.87
750.0 -0.52
760.0 -0.39
770.0 -0.46
780.0 -0.13
790.0 0.27
800.0 0.1
810.0 -0.38
820.0 -1.04
830.0 -0.93
840.0 -1.17
850.0 -1.33
860.0 -1.17
870.0 -1.08
880.0 -0.67
890.0 -0.37
900.0 -0.8
910.0 -1.08
920.0 -1.23
930.0 -1.82
940.0 -2.25
950.0 -1.55
960.0 -1.11
970.0 -0.75
980.0 -0.86
990.0 -1.14
1000.0 -1.31
