200.0 0.14
205.0 -0.16
210.0 -0.09
215.0 -0.17
220.0 -0.23
225.0 -0.28
230.0 -0.3
235.0 -0.32
240.0 -0.26
245.0 -0.24
250.0 -0.22
255.0 -0.11
260.0 0.0
265.0 -0.04
270.0 -0.01
275.0 -0.11
280.0 0.22
285.0 -0.05
290.0 -0.6
295.0 -0.72
300.0 -0.16
305.0 -0.27
310.0 -0.26
315.0 -0.28
320.0 -0.36
325.0 -0.43
330.0 -0.36
335.0 -0.33
340.0 -0.21
345.0 0.01
350.0 0.3
355.0 0.17
360.0 0.09
365.0 -0.02
370.0 -0.14
375.0 -0.29
380.0 -0.42
385.0 -0.4
390.0 -0.44
395.0 -0.62
400.0 -0.68
405.0 -0.62
410.0 -0.61
415.0 -0.46
420.0 -0.31
425.0 -0.07
430.0 0.03
435.0 0.17
440.0 0.16
445.0 0.04
450.0 -0.11
455.0 0.0
460.0 -0.09
465.0 -0.17
470.0 -0.35
475.0 -0.74
480.0 -0.98
485.0 -0.93
490.0 -0.85
495.0 -0.8
500.0 -0.67
510.0 -0.11
520.0 -0.42
530.0 -0.4
540.0 -0.36
550.0 -0.46
560.0 -0.43
570.0 -0.65
580.0 -0.86
590.0 -0.81
600.0 0.08
610.0 -0.13
620.0 -0.18
630.0 -0.25
640.0 -0.4
650.0 -0.68
660.0 -0.54
670.0 -0.5
680.0 -0.88
690.0 -0.77
700.0 -0.53
710.0 -0.76
720.0 -1.14
730.0 -1.06
740.0 -0.58
750.0 -0.5
760.0 -0.37
770.0 -0.42
780.0 -0.1
790.0 0.46
800.0 0.55
810.0 -0.12
820.0 -0.4
830.0 -0.73
840.0 -1.38
850.0 -1.38
860.0 -0.97
870.0 -0.65
880.0 -0.45
890.0 -0.01
900.0 -0.46
910.0 -0.96
920.0 -1.07
930.0 -1.22
940.0 -1.33
950.0 -1.0
960.0 -0.78
970.0 -0.56
980.0 -0.57
990.0 -0.81
1000.0 -0.85
