200.0 -0.03
205.0 -0.36
210.0 -0.33
215.0 -0.3
220.0 -0.27
225.0 -0.33
230.0 -0.3
235.0 -0.34
240.0 -0.37
245.0 -0.48
250.0 -0.52
255.0 -0.48
260.0 -0.32
265.0 -0.21
270.0 0.08
275.0 0.13
280.0 -0.08
285.0 -0.59
290.0 -0.72
295.0 -0.46
300.0 0.0
305.0 -0.43
310.0 -0.43
315.0 -0.53
320.0 -0.5
325.0 -0.49
330.0 -0.32
335.0 -0.3
340.0 -0.28
345.0 -0.13
350.0 0.03
355.0 -0.2
360.0 -0.23
365.0 -0.32
370.0 -0.43
375.0 -0.44
380.0 -0.53
385.0 -0.42
390.0 -0.42
395.0 -0.43
400.0 -0.34
405.0 -0.24
410.0 -0.32
415.0 -0.36
420.0 -0.3
425.0 -0.12
430.0 -0.12
435.0 -0.11
440.0 -0.18
445.0 -0.25
450.0 -0.39
455.0 -0.68
460.0 -0.74
465.0 -0.78
470.0 -0.99
475.0 -1.1
480.0 -0.8
485.0 -0.51
490.0 -0.31
495.0 -0.38
500.0 -0.5
510.0 -0.46
520.0 -0.64
530.0 -0.57
540.0 -0.31
550.0 -0.38
560.0 -0.5
570.0 -0.7
580.0 -0.9
590.0 -1.03
600.0 -0.41
610.0 -0.6
620.0 -0.37
630.0 -0.16
640.0 -0.38
650.0 -0.73
660.0 -1.12
670.0 -0.65
680.0 -0.92
690.0 -0.87
700.0 -0.68
710.0 -0.88
720.0 -0.92
730.0 -1.49
740.0 -0.88
750.0 -0.57
760.0 -0.2
770.0 -0.1
780.0 -0.18
790.0 0.06
800.0 -0.09
810.0 -0.44
820.0 -0.82
830.0 -1.02
840.0 -1.27
850.0 -1.53
860.0 -1.4
870.0 -1.22
880.0 -0.88
890.0 -0.31
900.0 -0.39
910.0 -1.23
920.0 -1.29
930.0 -1.36
940.0 -1.86
950.0 -1.97
960.0 -1.43
970.0 -1.05
980.0 -0.79
990.0 -0.69
1000.0 -0.75
