POLARIZATION HORIZ HORIZ HORIZ HORIZ VERT VERT VERT VERT
Rmeters 3 10 30 30 3 10 30 30
hlmeters 1 1 1 2 1 1 1 2
h2meters 0.5-1.5 1-4 1-4 1-4 1-1.5 1-4 1-4 1-4
PLANE METAL METAL EARTH EARTH METAL METAL EARTH EARTH
30 1.6 -10.4 -26.9 -21.8 11.2 2.7 -14.7 -13.8
35 2.7 -9.1 -25.9 -20.7 11.1 2.7 -14.7 -13.8
40 3.7 -8.0 -25.0 -19.7 11.1 2.7 -14.7 -13.8
45 4.6 -7.0 -24.2 -18.8 11.0 2.7 -14.7 -13.8
50 5.3 -6.1 -23.5 -18.0 10.9 2.6 -14.7 -13.8
60 6.7 -4.7 -22.1 -16.6 10.7 2.6 -14.7 -13.7
70 7.8 -3.5 -21.0 -15.4 10.5 2.6 -14.7 -13.6
so 8.8 -2.4 -19.9 -14.4 10.3 2.6 -14.6 -13.5
90 9.6 -1.6 -19.0 -13.5 10.0 2.5 -14.5 -13.4
100 10.2 -0.8 -18.1 -12.6 9.6 2.5 -14.5 -13.3
120 11.2 0.4 -16.7 -11.3 8.8 2.4 -14.5 -13.1
125 11.4 0.6 -16.3 -11.0 8.6 2.4 -14.3 -13.0
140 11.9 1.2 -15.4 -10.2 7.8 2.3 -14.1 -12.8
15o 12.1 1.5 -14.9 -9.8 7.2 2.3 -14.0 -12.7
160 12.2 1.8 -14.3 -9.3 6.5 2.2 -13.9 -12.6
175 12.3 2.1 -13.6 -8.8 5.4 2.1 -13.8 -12.4
180 12.4 2.1 -13.4 -8.6 5.0 2.1 -13.7 -12.4
200 12.5 2.3 -12.6 -8.1 3.2 1.9 -13.5 -12.2
250 12.7 2.5 -10.9 -7.3 7.2 1.5 -13.0 -11.7
300 12.7 2.6 -9.7 - 7.1 9.7 0.9 -12.5 -11.4
400 12.8 2.7 -9.0 7.0 10.9 1.0 -11.7 -10.8
500 12.8 2.8 -7.2 - 7.0 11.3 1.7 -11.2 -10.5
600 12.5 2.8 -7.0 - 6.9 9.5 2.0 -10.7 -10.2
700 12.6 2.8 -7.0 - 6.9 10.4 2.2 -10.4 -10.0
800 12.7 2.8 -6.9 - 6.9 10.9 2.4 -10.1 -9.9
900 12.7 2.6 -6.9 - 6.9 11.2 2.4 -9.9 -9.8
1000 12.8 2.7 -6.9 - 6.9 11.3 2.5 -9.7 -9.7
