6050.0 2.83
6100.0 1.92
6150.0 2.06
6200.0 2.71
6250.0 3.82
6300.0 5.04
6350.0 2.17
6400.0 2.05
6450.0 3.38
6500.0 5.14
6550.0 3.84
6600.0 2.33
6650.0 2.61
6700.0 1.62
6750.0 1.91
6800.0 2.14
6850.0 4.02
6900.0 2.58
6950.0 2.47
7000.0 3.33
7050.0 3.09
7100.0 2.79
7150.0 1.74
7200.0 1.78
7250.0 1.85
7300.0 2.66
7350.0 2.58
7400.0 3.53
7450.0 2.72
7500.0 2.04
7550.0 2.75
7600.0 3.59
7650.0 2.25
7700.0 2.16
7750.0 0.87
7800.0 1.75
7850.0 2.23
7900.0 2.29
7950.0 1.9
8000.0 1.0
8050.0 0.72
8100.0 0.63
8150.0 0.78
8200.0 1.0
8250.0 0.48
8300.0 1.62
8350.0 1.51
8400.0 1.63
8450.0 0.81
8500.0 1.64
8550.0 1.84
8600.0 2.21
8650.0 1.65
8700.0 1.71
8750.0 1.53
8800.0 0.97
8850.0 2.29
8900.0 1.82
8950.0 1.11
9000.0 2.41
9050.0 1.35
9100.0 1.87
9150.0 3.0
9200.0 1.75
9250.0 2.01
9300.0 2.25
9350.0 1.68
9400.0 2.05
9450.0 3.22
9500.0 3.51
9550.0 3.33
9600.0 2.33
9650.0 2.29
9700.0 1.95
9750.0 2.15
9800.0 1.18
9850.0 1.82
9900.0 1.88
9950.0 2.06
10000.0 2.91
10050.0 2.25
10100.0 2.24
10150.0 2.3
10200.0 2.47
10250.0 1.26
10300.0 2.06
10350.0 1.41
10400.0 2.04
10450.0 1.67
10500.0 2.26
10550.0 1.96
10600.0 1.58
10650.0 2.08
10700.0 2.36
10750.0 2.29
10800.0 1.54
10850.0 1.53
10900.0 1.31
10950.0 2.42
11000.0 1.33
11050.0 1.97
11100.0 1.63
11150.0 1.97
11200.0 1.99
11250.0 1.76
11300.0 1.47
11350.0 1.36
11400.0 0.94
11450.0 1.66
11500.0 1.8
11550.0 1.13
11600.0 1.04
11650.0 1.1
11700.0 1.1
11750.0 0.57
11800.0 1.1
11850.0 2.09
11900.0 1.68
11950.0 0.73
12000.0 1.7
12050.0 1.21
12100.0 1.64
12150.0 1.39
12200.0 1.65
12250.0 2.03
12300.0 1.78
12350.0 0.67
12400.0 1.15
12450.0 1.73
12500.0 1.42
12550.0 0.75
12600.0 1.13
12650.0 0.82
12700.0 0.64
12750.0 1.15
12800.0 0.74
12850.0 0.46
12900.0 0.86
12950.0 0.93
13000.0 1.69
13050.0 1.07
13100.0 2.28
13150.0 1.3
13200.0 1.39
13250.0 1.28
13300.0 1.62
13350.0 1.06
13400.0 1.15
13450.0 1.22
13500.0 1.54
13550.0 1.94
13600.0 1.76
13650.0 1.52
13700.0 1.94
13750.0 1.31
13800.0 1.26
13850.0 1.25
13900.0 1.4
13950.0 2.11
14000.0 1.94
14050.0 1.15
14100.0 0.85
14150.0 0.66
14200.0 1.2
14250.0 1.46
14300.0 1.07
14350.0 1.01
14400.0 0.56
14450.0 0.46
14500.0 0.48
14550.0 1.47
14600.0 0.76
14650.0 1.16
14700.0 1.08
14750.0 1.68
14800.0 0.66
14850.0 1.05
14900.0 1.3
14950.0 1.27
15000.0 1.5
15050.0 0.77
15100.0 0.62
15150.0 2.22
15200.0 0.8
15250.0 0.68
15300.0 0.64
15350.0 1.04
15400.0 0.95
15450.0 0.77
15500.0 1.44
15550.0 1.87
15600.0 1.77
15650.0 1.62
15700.0 1.58
15750.0 1.69
15800.0 1.83
15850.0 0.65
15900.0 1.41
15950.0 1.63
16000.0 1.17
16050.0 1.01
16100.0 0.69
16150.0 1.24
16200.0 1.35
16250.0 0.94
16300.0 0.79
16350.0 0.95
16400.0 1.64
16450.0 0.53
16500.0 1.04
16550.0 1.0
16600.0 2.68
16650.0 2.6
16700.0 0.86
16750.0 1.44
16800.0 0.81
16850.0 2.14
16900.0 1.4
16950.0 1.11
17000.0 1.16
17050.0 0.7
17100.0 1.16
17150.0 1.4
17200.0 1.6
17250.0 2.54
17300.0 2.09
17350.0 1.57
17400.0 0.97
17450.0 1.95
17500.0 0.67
17550.0 1.74
17600.0 1.4
17650.0 1.57
17700.0 2.25
17750.0 0.87
17800.0 0.76
17850.0 1.34
17900.0 1.53
17950.0 1.89
18000.0 0.95
