6050.0 2.32
6100.0 2.68
6150.0 1.51
6200.0 1.24
6250.0 1.66
6300.0 3.6
6350.0 1.85
6400.0 1.91
6450.0 2.1
6500.0 1.25
6550.0 1.85
6600.0 1.84
6650.0 1.22
6700.0 1.32
6750.0 2.52
6800.0 1.56
6850.0 0.88
6900.0 1.44
6950.0 2.05
7000.0 0.75
7050.0 2.49
7100.0 1.59
7150.0 1.39
7200.0 1.84
7250.0 1.75
7300.0 1.33
7350.0 1.73
7400.0 1.42
7450.0 1.36
7500.0 1.43
7550.0 2.29
7600.0 2.16
7650.0 1.41
7700.0 1.65
7750.0 1.8
7800.0 2.4
7850.0 1.93
7900.0 0.94
7950.0 1.68
8000.0 1.17
8050.0 1.76
8100.0 1.85
8150.0 1.27
8200.0 1.15
8250.0 1.45
8300.0 1.17
8350.0 1.32
8400.0 1.41
8450.0 1.0
8500.0 0.95
8550.0 1.04
8600.0 1.78
8650.0 2.22
8700.0 2.01
8750.0 1.33
8800.0 1.33
8850.0 2.06
8900.0 2.13
8950.0 1.26
9000.0 1.19
9050.0 1.91
9100.0 1.95
9150.0 1.86
9200.0 2.37
9250.0 1.53
9300.0 1.85
9350.0 1.82
9400.0 2.7
9450.0 2.65
9500.0 1.37
9550.0 1.17
9600.0 1.92
9650.0 2.28
9700.0 0.91
9750.0 2.32
9800.0 0.75
9850.0 2.0
9900.0 2.44
9950.0 2.04
10000.0 0.95
10050.0 0.77
10100.0 1.06
10150.0 0.89
10200.0 2.29
10250.0 1.82
10300.0 1.34
10350.0 1.06
10400.0 1.21
10450.0 1.44
10500.0 1.26
10550.0 0.95
10600.0 0.76
10650.0 1.09
10700.0 1.25
10750.0 1.2
10800.0 0.58
10850.0 0.99
10900.0 0.85
10950.0 0.9
11000.0 1.04
11050.0 1.25
11100.0 1.22
11150.0 1.58
11200.0 1.51
11250.0 1.24
11300.0 1.27
11350.0 0.91
11400.0 1.09
11450.0 1.21
11500.0 1.31
11550.0 1.14
11600.0 1.4
11650.0 1.75
11700.0 0.87
11750.0 1.65
11800.0 1.78
11850.0 1.13
11900.0 0.7
11950.0 0.87
12000.0 0.5
12050.0 1.65
12100.0 0.58
12150.0 0.7
12200.0 1.04
12250.0 0.62
12300.0 0.82
12350.0 0.97
12400.0 0.5
12450.0 0.55
12500.0 0.56
12550.0 0.71
12600.0 0.58
12650.0 1.2
12700.0 0.66
12750.0 0.7
12800.0 0.66
12850.0 1.09
12900.0 1.1
12950.0 0.67
13000.0 0.37
13050.0 0.51
13100.0 0.66
13150.0 0.76
13200.0 0.79
13250.0 0.59
13300.0 0.7
13350.0 1.49
13400.0 2.0
13450.0 1.21
13500.0 0.67
13550.0 1.54
13600.0 1.22
13650.0 1.45
13700.0 0.93
13750.0 0.96
13800.0 1.63
13850.0 1.15
13900.0 1.82
13950.0 1.21
14000.0 1.34
14050.0 1.37
14100.0 1.32
14150.0 1.26
14200.0 1.4
14250.0 1.05
14300.0 1.2
14350.0 0.73
14400.0 1.27
14450.0 1.09
14500.0 1.06
14550.0 0.95
14600.0 0.72
14650.0 1.42
14700.0 0.63
14750.0 0.89
14800.0 0.52
14850.0 0.65
14900.0 0.53
14950.0 0.77
15000.0 0.39
15050.0 0.8
15100.0 0.9
15150.0 0.57
15200.0 0.73
15250.0 0.77
15300.0 1.03
15350.0 0.83
15400.0 0.72
15450.0 0.63
15500.0 0.76
15550.0 0.82
15600.0 0.84
15650.0 0.7
15700.0 1.08
15750.0 0.8
15800.0 0.83
15850.0 0.9
15900.0 0.81
15950.0 0.94
16000.0 0.89
16050.0 0.92
16100.0 0.67
16150.0 1.26
16200.0 0.88
16250.0 0.84
16300.0 0.57
16350.0 0.9
16400.0 1.35
16450.0 1.13
16500.0 0.53
16550.0 0.88
16600.0 0.62
16650.0 1.01
16700.0 1.19
16750.0 0.82
16800.0 0.66
16850.0 0.99
16900.0 1.64
16950.0 0.75
17000.0 0.7
17050.0 0.87
17100.0 0.91
17150.0 1.13
17200.0 1.14
17250.0 1.19
17300.0 0.81
17350.0 1.05
17400.0 0.57
17450.0 0.41
17500.0 0.99
17550.0 0.9
17600.0 0.8
17650.0 1.08
17700.0 0.97
17750.0 0.7
17800.0 0.49
17850.0 0.88
17900.0 0.22
17950.0 0.55
18000.0 0.75
