6050.0 3.11
6100.0 2.8
6150.0 2.66
6200.0 3.7
6250.0 3.0
6300.0 2.5
6350.0 2.78
6400.0 2.46
6450.0 2.79
6500.0 2.79
6550.0 2.67
6600.0 2.82
6650.0 1.76
6700.0 1.83
6750.0 2.53
6800.0 0.8
6850.0 1.77
6900.0 1.67
6950.0 2.63
7000.0 1.94
7050.0 1.66
7100.0 2.32
7150.0 1.77
7200.0 1.8
7250.0 1.27
7300.0 1.57
7350.0 1.79
7400.0 2.03
7450.0 1.85
7500.0 2.31
7550.0 1.74
7600.0 1.58
7650.0 2.51
7700.0 2.13
7750.0 2.3
7800.0 2.88
7850.0 2.04
7900.0 1.97
7950.0 1.5
8000.0 1.69
8050.0 1.49
8100.0 1.38
8150.0 1.69
8200.0 1.02
8250.0 1.09
8300.0 0.86
8350.0 1.42
8400.0 2.04
8450.0 1.27
8500.0 1.86
8550.0 1.23
8600.0 1.49
8650.0 2.42
8700.0 1.81
8750.0 1.27
8800.0 1.91
8850.0 1.72
8900.0 2.04
8950.0 1.47
9000.0 1.21
9050.0 0.95
9100.0 1.69
9150.0 1.99
9200.0 1.73
9250.0 1.03
9300.0 0.98
9350.0 1.39
9400.0 1.01
9450.0 1.82
9500.0 2.95
9550.0 2.06
9600.0 1.46
9650.0 2.76
9700.0 3.22
9750.0 3.14
9800.0 1.65
9850.0 1.07
9900.0 2.12
9950.0 1.75
10000.0 2.9
10050.0 3.03
10100.0 2.45
10150.0 1.85
10200.0 2.41
10250.0 3.36
10300.0 2.91
10350.0 3.85
10400.0 4.65
10450.0 4.18
10500.0 4.58
10550.0 3.99
10600.0 2.69
10650.0 2.3
10700.0 3.1
10750.0 3.43
10800.0 2.58
10850.0 2.99
10900.0 2.91
10950.0 3.14
11000.0 2.87
11050.0 3.65
11100.0 2.7
11150.0 2.47
11200.0 2.21
11250.0 2.88
11300.0 2.46
11350.0 3.6
11400.0 2.49
11450.0 1.94
11500.0 1.54
11550.0 1.04
11600.0 2.26
11650.0 1.95
11700.0 1.1
11750.0 1.21
11800.0 0.97
11850.0 1.85
11900.0 1.88
11950.0 1.81
12000.0 1.66
12050.0 1.37
12100.0 1.33
12150.0 1.08
12200.0 1.44
12250.0 1.51
12300.0 0.83
12350.0 0.79
12400.0 1.6
12450.0 2.16
12500.0 1.31
12550.0 1.36
12600.0 1.43
12650.0 1.79
12700.0 2.84
12750.0 3.51
12800.0 2.71
12850.0 2.91
12900.0 2.99
12950.0 3.45
13000.0 3.09
13050.0 3.52
13100.0 3.31
13150.0 3.82
13200.0 3.76
13250.0 4.14
13300.0 3.93
13350.0 3.08
13400.0 3.63
13450.0 2.29
13500.0 2.46
13550.0 2.83
13600.0 2.57
13650.0 2.21
13700.0 2.48
13750.0 3.27
13800.0 3.25
13850.0 2.8
13900.0 2.31
13950.0 2.44
14000.0 2.13
14050.0 1.78
14100.0 2.34
14150.0 1.46
14200.0 1.3
14250.0 1.9
14300.0 1.72
14350.0 1.17
14400.0 1.11
14450.0 1.81
14500.0 2.2
14550.0 2.18
14600.0 2.32
14650.0 1.91
14700.0 2.45
14750.0 2.13
14800.0 1.99
14850.0 1.7
14900.0 1.78
14950.0 1.09
15000.0 1.6
15050.0 2.13
15100.0 2.39
15150.0 2.84
15200.0 4.18
15250.0 4.54
15300.0 4.15
15350.0 2.97
15400.0 3.87
15450.0 3.79
15500.0 3.81
15550.0 2.55
15600.0 2.25
15650.0 3.39
15700.0 3.49
15750.0 3.77
15800.0 3.81
15850.0 4.4
15900.0 4.3
15950.0 3.45
16000.0 2.81
16050.0 2.33
16100.0 3.55
16150.0 3.11
16200.0 2.2
16250.0 1.23
16300.0 1.98
16350.0 2.64
16400.0 4.09
16450.0 3.64
16500.0 2.97
16550.0 4.04
16600.0 2.64
16650.0 1.25
16700.0 2.44
16750.0 2.29
16800.0 3.34
16850.0 3.63
16900.0 3.61
16950.0 3.21
17000.0 2.14
17050.0 2.67
17100.0 1.35
17150.0 2.3
17200.0 3.33
17250.0 3.77
17300.0 3.16
17350.0 3.15
17400.0 2.31
17450.0 1.95
17500.0 1.74
17550.0 2.01
17600.0 2.7
17650.0 2.83
17700.0 2.23
17750.0 2.44
17800.0 2.04
17850.0 2.31
17900.0 2.78
17950.0 2.59
18000.0 1.93
