6050.0 3.35
6100.0 2.99
6150.0 5.58
6200.0 3.0
6250.0 3.52
6300.0 2.57
6350.0 4.79
6400.0 4.36
6450.0 4.89
6500.0 4.6
6550.0 3.78
6600.0 3.47
6650.0 2.82
6700.0 2.05
6750.0 2.26
6800.0 0.77
6850.0 0.56
6900.0 1.22
6950.0 1.32
7000.0 1.18
7050.0 1.1
7100.0 1.94
7150.0 2.65
7200.0 4.22
7250.0 2.89
7300.0 2.02
7350.0 2.16
7400.0 2.45
7450.0 2.18
7500.0 2.61
7550.0 1.75
7600.0 1.15
7650.0 1.37
7700.0 1.95
7750.0 2.17
7800.0 2.17
7850.0 2.5
7900.0 2.0
7950.0 1.95
8000.0 1.03
8050.0 0.84
8100.0 1.17
8150.0 0.99
8200.0 0.84
8250.0 1.57
8300.0 1.18
8350.0 1.22
8400.0 2.16
8450.0 1.81
8500.0 1.43
8550.0 1.51
8600.0 1.77
8650.0 2.28
8700.0 1.51
8750.0 1.28
8800.0 1.37
8850.0 3.2
8900.0 2.12
8950.0 2.02
9000.0 2.34
9050.0 2.18
9100.0 2.4
9150.0 2.46
9200.0 2.27
9250.0 2.95
9300.0 2.85
9350.0 2.41
9400.0 1.85
9450.0 1.61
9500.0 2.2
9550.0 2.57
9600.0 1.07
9650.0 1.04
9700.0 0.95
9750.0 1.19
9800.0 1.17
9850.0 1.35
9900.0 2.01
9950.0 1.61
10000.0 2.0
10050.0 1.69
10100.0 2.22
10150.0 2.72
10200.0 3.02
10250.0 2.49
10300.0 2.08
10350.0 2.36
10400.0 2.47
10450.0 2.12
10500.0 1.84
10550.0 2.65
10600.0 3.26
10650.0 2.82
10700.0 2.83
10750.0 0.88
10800.0 1.05
10850.0 1.69
10900.0 1.8
10950.0 1.9
11000.0 1.51
11050.0 1.81
11100.0 2.02
11150.0 1.27
11200.0 1.62
11250.0 1.67
11300.0 1.3
11350.0 1.39
11400.0 1.11
11450.0 2.1
11500.0 1.41
11550.0 1.24
11600.0 1.49
11650.0 1.25
11700.0 1.06
11750.0 0.95
11800.0 1.02
11850.0 0.92
11900.0 0.7
11950.0 0.56
12000.0 1.4
12050.0 1.88
12100.0 2.38
12150.0 2.3
12200.0 2.07
12250.0 3.1
12300.0 3.43
12350.0 2.97
12400.0 2.91
12450.0 3.33
12500.0 3.26
12550.0 3.04
12600.0 2.42
12650.0 2.32
12700.0 2.59
12750.0 2.55
12800.0 2.84
12850.0 2.59
12900.0 2.78
12950.0 2.15
13000.0 2.67
13050.0 3.09
13100.0 2.42
13150.0 1.98
13200.0 1.52
13250.0 1.21
13300.0 1.78
13350.0 2.36
13400.0 1.91
13450.0 0.99
13500.0 1.23
13550.0 1.59
13600.0 1.19
13650.0 1.69
13700.0 1.37
13750.0 1.04
13800.0 0.86
13850.0 1.31
13900.0 2.02
13950.0 2.59
14000.0 1.67
14050.0 1.65
14100.0 2.08
14150.0 1.47
14200.0 1.44
14250.0 1.39
14300.0 1.67
14350.0 2.25
14400.0 2.91
14450.0 2.71
14500.0 1.99
14550.0 2.4
14600.0 2.6
14650.0 2.93
14700.0 2.57
14750.0 1.7
14800.0 2.49
14850.0 1.2
14900.0 1.65
14950.0 1.93
15000.0 1.47
15050.0 1.7
15100.0 2.53
15150.0 3.14
15200.0 3.53
15250.0 3.18
15300.0 2.62
15350.0 2.99
15400.0 2.4
15450.0 2.0
15500.0 1.64
15550.0 2.04
15600.0 1.75
15650.0 1.41
15700.0 0.97
15750.0 1.48
15800.0 1.23
15850.0 1.4
15900.0 1.28
15950.0 0.94
16000.0 1.25
16050.0 1.26
16100.0 1.48
16150.0 1.29
16200.0 1.47
16250.0 1.29
16300.0 1.89
16350.0 2.39
16400.0 2.43
16450.0 1.97
16500.0 1.97
16550.0 2.05
16600.0 1.64
16650.0 1.58
16700.0 2.04
16750.0 2.21
16800.0 1.82
16850.0 2.54
16900.0 3.61
16950.0 2.91
17000.0 2.39
17050.0 2.39
17100.0 2.18
17150.0 2.08
17200.0 1.75
17250.0 2.32
17300.0 2.33
17350.0 2.15
17400.0 2.62
17450.0 2.41
17500.0 2.14
17550.0 2.15
17600.0 2.1
17650.0 1.93
17700.0 2.1
17750.0 1.97
17800.0 1.83
17850.0 1.6
17900.0 1.47
17950.0 1.66
18000.0 1.94
