6050.0 3.23
6100.0 3.11
6150.0 5.34
6200.0 3.35
6250.0 2.53
6300.0 1.86
6350.0 4.05
6400.0 1.71
6450.0 2.19
6500.0 4.11
6550.0 1.73
6600.0 1.51
6650.0 2.74
6700.0 4.16
6750.0 2.84
6800.0 2.63
6850.0 2.69
6900.0 3.52
6950.0 2.54
7000.0 4.76
7050.0 2.11
7100.0 2.08
7150.0 1.48
7200.0 2.52
7250.0 2.75
7300.0 2.52
7350.0 1.7
7400.0 2.26
7450.0 2.31
7500.0 2.93
7550.0 2.92
7600.0 1.55
7650.0 2.4
7700.0 1.57
7750.0 2.16
7800.0 2.13
7850.0 2.11
7900.0 1.56
7950.0 1.61
8000.0 1.83
8050.0 2.27
8100.0 1.01
8150.0 1.05
8200.0 1.21
8250.0 0.94
8300.0 1.09
8350.0 0.86
8400.0 0.94
8450.0 1.02
8500.0 1.2
8550.0 1.32
8600.0 1.46
8650.0 1.58
8700.0 1.68
8750.0 1.83
8800.0 1.05
8850.0 1.73
8900.0 2.69
8950.0 2.25
9000.0 1.76
9050.0 2.01
9100.0 1.65
9150.0 2.24
9200.0 2.59
9250.0 2.28
9300.0 2.1
9350.0 1.46
9400.0 2.53
9450.0 2.61
9500.0 2.28
9550.0 2.21
9600.0 1.17
9650.0 2.2
9700.0 2.0
9750.0 2.43
9800.0 2.88
9850.0 2.31
9900.0 2.35
9950.0 2.57
10000.0 2.01
10050.0 2.65
10100.0 2.82
10150.0 1.54
10200.0 2.06
10250.0 2.4
10300.0 3.0
10350.0 2.11
10400.0 2.84
10450.0 2.68
10500.0 1.89
10550.0 1.44
10600.0 2.65
10650.0 2.35
10700.0 2.14
10750.0 2.43
10800.0 0.86
10850.0 2.72
10900.0 3.01
10950.0 1.97
11000.0 2.38
11050.0 2.1
11100.0 2.8
11150.0 2.34
11200.0 1.63
11250.0 2.25
11300.0 3.0
11350.0 2.69
11400.0 2.45
11450.0 3.27
11500.0 2.96
11550.0 2.4
11600.0 2.35
11650.0 2.72
11700.0 2.07
11750.0 1.65
11800.0 2.15
11850.0 2.47
11900.0 2.02
11950.0 2.1
12000.0 1.59
12050.0 2.15
12100.0 1.27
12150.0 1.35
12200.0 1.3
12250.0 1.15
12300.0 0.65
12350.0 0.61
12400.0 0.7
12450.0 1.01
12500.0 0.99
12550.0 1.41
12600.0 1.21
12650.0 1.33
12700.0 1.58
12750.0 1.38
12800.0 1.54
12850.0 1.51
12900.0 1.76
12950.0 1.81
13000.0 1.58
13050.0 1.24
13100.0 1.0
13150.0 1.5
13200.0 2.0
13250.0 2.08
13300.0 2.08
13350.0 1.04
13400.0 1.26
13450.0 1.49
13500.0 1.79
13550.0 2.2
13600.0 1.42
13650.0 1.34
13700.0 1.86
13750.0 1.96
13800.0 1.36
13850.0 1.86
13900.0 2.0
13950.0 1.97
14000.0 1.62
14050.0 0.51
14100.0 1.26
14150.0 2.1
14200.0 1.29
14250.0 1.28
14300.0 1.4
14350.0 1.92
14400.0 1.78
14450.0 3.16
14500.0 3.89
14550.0 1.81
14600.0 3.02
14650.0 1.04
14700.0 1.77
14750.0 1.6
14800.0 1.69
14850.0 2.23
14900.0 0.9
14950.0 1.09
15000.0 1.94
15050.0 1.28
15100.0 2.08
15150.0 2.93
15200.0 0.83
15250.0 1.69
15300.0 1.98
15350.0 1.92
15400.0 1.96
15450.0 1.9
15500.0 1.95
15550.0 1.17
15600.0 2.55
15650.0 2.79
15700.0 1.66
15750.0 2.16
15800.0 2.31
15850.0 0.98
15900.0 1.46
15950.0 2.17
16000.0 2.28
16050.0 0.83
16100.0 2.17
16150.0 3.06
16200.0 2.11
16250.0 2.59
16300.0 3.45
16350.0 3.11
16400.0 1.48
16450.0 3.36
16500.0 2.42
16550.0 1.4
16600.0 2.24
16650.0 3.14
16700.0 2.65
16750.0 2.1
16800.0 2.59
16850.0 1.3
16900.0 2.45
16950.0 2.8
17000.0 3.39
17050.0 2.14
17100.0 2.05
17150.0 1.92
17200.0 1.24
17250.0 2.64
17300.0 3.96
17350.0 2.34
17400.0 2.66
17450.0 1.59
17500.0 2.39
17550.0 2.11
17600.0 2.93
17650.0 1.43
17700.0 1.7
17750.0 2.15
17800.0 3.02
17850.0 2.4
17900.0 2.77
17950.0 2.63
18000.0 2.13
