1000.0 2.68
1050.0 4.16
1100.0 1.84
1150.0 2.14
1200.0 3.06
1250.0 2.06
1300.0 3.59
1350.0 2.71
1400.0 1.67
1450.0 1.84
1500.0 3.11
1550.0 2.83
1600.0 1.63
1650.0 1.92
1700.0 1.5
1750.0 2.41
1800.0 3.96
1850.0 3.01
1900.0 2.73
1950.0 2.67
2000.0 1.35
2050.0 2.72
2100.0 2.58
2150.0 2.1
2200.0 3.52
2250.0 3.83
2300.0 3.8
2350.0 3.81
2400.0 2.98
2450.0 4.29
2500.0 3.71
2550.0 2.6
2600.0 1.62
2650.0 2.48
2700.0 2.41
2750.0 1.86
2800.0 2.11
2850.0 3.09
2900.0 3.11
2950.0 2.56
3000.0 2.59
3050.0 2.66
3100.0 2.08
3150.0 1.08
3200.0 1.15
3250.0 1.76
3300.0 2.51
3350.0 3.54
3400.0 1.95
3450.0 2.09
3500.0 1.64
3550.0 1.73
3600.0 3.23
3650.0 2.81
3700.0 1.91
3750.0 1.45
3800.0 2.03
3850.0 1.54
3900.0 2.45
3950.0 1.61
4000.0 2.5
4050.0 2.26
4100.0 3.02
4150.0 2.37
4200.0 1.52
4250.0 1.25
4300.0 3.25
4350.0 0.83
4400.0 1.31
4450.0 1.74
4500.0 2.64
4550.0 1.6
4600.0 1.84
4650.0 2.65
4700.0 2.39
4750.0 2.92
4800.0 2.37
4850.0 2.41
4900.0 2.72
4950.0 3.42
5000.0 2.97
5050.0 3.08
5100.0 3.48
5150.0 2.79
5200.0 2.64
5250.0 2.97
5300.0 1.1
5350.0 1.05
5400.0 2.2
5450.0 2.48
5500.0 2.15
5550.0 1.98
5600.0 1.92
5650.0 3.11
5700.0 3.46
5750.0 4.38
5800.0 1.15
5850.0 2.31
5900.0 2.84
5950.0 2.01
6000.0 2.62
