1000.0 1.85
1050.0 2.68
1100.0 1.78
1150.0 1.76
1200.0 3.42
1250.0 1.7
1300.0 2.73
1350.0 1.27
1400.0 2.88
1450.0 1.21
1500.0 1.19
1550.0 1.16
1600.0 1.78
1650.0 1.59
1700.0 4.33
1750.0 2.71
1800.0 2.45
1850.0 2.72
1900.0 3.19
1950.0 1.95
2000.0 2.44
2050.0 2.12
2100.0 1.87
2150.0 2.08
2200.0 0.68
2250.0 0.95
2300.0 2.82
2350.0 2.96
2400.0 1.56
2450.0 1.22
2500.0 1.99
2550.0 2.26
2600.0 3.4
2650.0 1.57
2700.0 1.57
2750.0 1.47
2800.0 2.37
2850.0 1.69
2900.0 1.66
2950.0 2.07
3000.0 0.38
3050.0 0.99
3100.0 1.19
3150.0 1.15
3200.0 2.03
3250.0 1.8
3300.0 2.15
3350.0 1.94
3400.0 0.68
3450.0 1.62
3500.0 1.43
3550.0 1.12
3600.0 1.07
3650.0 1.83
3700.0 2.63
3750.0 2.04
3800.0 1.26
3850.0 2.24
3900.0 1.7
3950.0 1.09
4000.0 1.08
4050.0 2.17
4100.0 1.3
4150.0 0.87
4200.0 1.62
4250.0 1.75
4300.0 1.21
4350.0 1.37
4400.0 1.2
4450.0 1.93
4500.0 1.26
4550.0 2.0
4600.0 2.85
4650.0 1.71
4700.0 1.56
4750.0 1.67
4800.0 1.01
4850.0 1.65
4900.0 0.99
4950.0 1.38
5000.0 1.19
5050.0 2.5
5100.0 2.99
5150.0 2.54
5200.0 2.47
5250.0 2.66
5300.0 2.06
5350.0 3.52
5400.0 3.96
5450.0 2.87
5500.0 3.08
5550.0 3.12
5600.0 3.69
5650.0 2.98
5700.0 2.17
5750.0 3.05
5800.0 2.49
5850.0 1.87
5900.0 1.54
5950.0 2.22
6000.0 2.3
