1000.0 1.43
1050.0 0.87
1100.0 2.42
1150.0 2.1
1200.0 2.71
1250.0 2.87
1300.0 2.76
1350.0 3.31
1400.0 1.53
1450.0 2.97
1500.0 2.72
1550.0 1.27
1600.0 3.61
1650.0 5.46
1700.0 5.12
1750.0 3.84
1800.0 2.88
1850.0 1.7
1900.0 3.12
1950.0 2.35
2000.0 3.04
2050.0 2.63
2100.0 3.83
2150.0 4.41
2200.0 3.71
2250.0 3.64
2300.0 2.98
2350.0 2.52
2400.0 3.57
2450.0 2.13
2500.0 2.59
2550.0 3.43
2600.0 1.34
2650.0 3.07
2700.0 2.02
2750.0 1.94
2800.0 3.08
2850.0 2.48
2900.0 3.22
2950.0 2.19
3000.0 1.27
3050.0 2.25
3100.0 1.97
3150.0 1.12
3200.0 2.22
3250.0 2.88
3300.0 1.83
3350.0 2.4
3400.0 1.74
3450.0 2.24
3500.0 1.78
3550.0 2.4
3600.0 2.76
3650.0 1.48
3700.0 1.34
3750.0 2.76
3800.0 2.16
3850.0 2.31
3900.0 3.26
3950.0 2.07
4000.0 3.15
4050.0 1.75
4100.0 2.17
4150.0 0.77
4200.0 1.71
4250.0 1.74
4300.0 2.25
4350.0 1.04
4400.0 2.18
4450.0 2.03
4500.0 2.6
4550.0 1.94
4600.0 1.61
4650.0 2.13
4700.0 2.33
4750.0 1.34
4800.0 1.19
4850.0 2.12
4900.0 3.17
4950.0 3.95
5000.0 3.13
5050.0 3.65
5100.0 3.48
5150.0 3.32
5200.0 2.79
5250.0 2.57
5300.0 3.42
5350.0 3.25
5400.0 2.02
5450.0 1.38
5500.0 1.87
5550.0 2.31
5600.0 2.9
5650.0 2.35
5700.0 3.08
5750.0 2.72
5800.0 3.33
5850.0 2.82
5900.0 1.94
5950.0 0.63
6000.0 1.48
