1000.0 1.2
1050.0 3.17
1100.0 3.82
1150.0 1.99
1200.0 1.82
1250.0 1.59
1300.0 2.07
1350.0 3.68
1400.0 2.68
1450.0 2.68
1500.0 1.98
1550.0 2.67
1600.0 5.81
1650.0 4.9
1700.0 3.51
1750.0 4.43
1800.0 4.89
1850.0 3.21
1900.0 5.23
1950.0 1.63
2000.0 4.13
2050.0 2.15
2100.0 3.51
2150.0 3.32
2200.0 4.62
2250.0 3.02
2300.0 4.64
2350.0 3.03
2400.0 5.31
2450.0 2.33
2500.0 5.07
2550.0 3.3
2600.0 2.58
2650.0 2.07
2700.0 1.55
2750.0 2.6
2800.0 2.63
2850.0 2.8
2900.0 3.4
2950.0 4.22
3000.0 3.76
3050.0 2.29
3100.0 3.82
3150.0 3.26
3200.0 4.06
3250.0 2.06
3300.0 1.15
3350.0 5.07
3400.0 3.44
3450.0 2.85
3500.0 1.95
3550.0 1.14
3600.0 3.61
3650.0 2.7
3700.0 4.36
3750.0 3.36
3800.0 3.13
3850.0 2.54
3900.0 2.65
3950.0 1.21
4000.0 1.19
4050.0 2.54
4100.0 2.46
4150.0 2.36
4200.0 3.39
4250.0 2.73
4300.0 3.04
4350.0 2.71
4400.0 1.97
4450.0 2.51
4500.0 3.57
4550.0 2.98
4600.0 1.57
4650.0 2.87
4700.0 2.65
4750.0 3.59
4800.0 2.88
4850.0 4.18
4900.0 3.82
4950.0 3.66
5000.0 3.39
5050.0 2.57
5100.0 2.28
5150.0 3.31
5200.0 3.04
5250.0 2.64
5300.0 2.57
5350.0 2.25
5400.0 1.55
5450.0 1.83
5500.0 1.46
5550.0 2.94
5600.0 2.43
5650.0 2.45
5700.0 4.37
5750.0 5.84
5800.0 5.14
5850.0 3.6
5900.0 2.64
5950.0 2.15
6000.0 1.54
