1000.0 2.93
1050.0 0.88
1100.0 1.57
1150.0 2.04
1200.0 2.01
1250.0 3.33
1300.0 1.86
1350.0 2.07
1400.0 0.87
1450.0 2.18
1500.0 1.32
1550.0 1.58
1600.0 3.06
1650.0 2.78
1700.0 2.31
1750.0 3.67
1800.0 2.91
1850.0 2.54
1900.0 2.74
1950.0 2.21
2000.0 2.97
2050.0 1.22
2100.0 4.42
2150.0 2.73
2200.0 2.49
2250.0 1.87
2300.0 0.96
2350.0 1.94
2400.0 2.24
2450.0 2.04
2500.0 2.17
2550.0 2.26
2600.0 2.31
2650.0 1.67
2700.0 2.1
2750.0 1.27
2800.0 1.49
2850.0 1.41
2900.0 0.7
2950.0 0.97
3000.0 2.27
3050.0 1.39
3100.0 0.98
3150.0 1.37
3200.0 1.76
3250.0 1.55
3300.0 0.99
3350.0 1.47
3400.0 1.37
3450.0 1.12
3500.0 1.25
3550.0 1.81
3600.0 2.58
3650.0 1.95
3700.0 1.26
3750.0 1.03
3800.0 1.18
3850.0 1.46
3900.0 1.21
3950.0 0.97
4000.0 1.17
4050.0 0.58
4100.0 1.52
4150.0 1.0
4200.0 0.69
4250.0 1.88
4300.0 2.29
4350.0 1.05
4400.0 1.43
4450.0 0.78
4500.0 1.0
4550.0 1.63
4600.0 0.8
4650.0 1.52
4700.0 1.35
4750.0 1.34
4800.0 2.07
4850.0 3.25
4900.0 1.83
4950.0 1.39
5000.0 1.74
5050.0 1.55
5100.0 1.15
5150.0 2.68
5200.0 1.69
5250.0 1.37
5300.0 0.52
5350.0 1.72
5400.0 2.51
5450.0 3.21
5500.0 3.14
5550.0 4.04
5600.0 4.67
5650.0 2.93
5700.0 3.0
5750.0 2.79
5800.0 2.07
5850.0 1.57
5900.0 3.25
5950.0 2.79
6000.0 1.85
