400000000.0 27.72349
401000000.0 27.72185
402000000.0 27.71949
403000000.0 27.72909
404000000.0 27.73919
405000000.0 27.74325
406000000.0 27.72511
407000000.0 27.71284
408000000.0 27.7206
409000000.0 27.75197
410000000.0 27.76324
411000000.0 27.74467
412000000.0 27.70389
413000000.0 27.67397
414000000.0 27.67703
415000000.0 27.70751
416000000.0 27.73382
417000000.0 27.72878
418000000.0 27.69165
419000000.0 27.67111
420000000.0 27.67036
421000000.0 27.6816
422000000.0 27.67981
423000000.0 27.66853
424000000.0 27.65082
425000000.0 27.65886
426000000.0 27.67778
427000000.0 27.70325
428000000.0 27.68681
429000000.0 27.63626
430000000.0 27.59703
431000000.0 27.60132
432000000.0 27.63555
433000000.0 27.68151
434000000.0 27.68811
435000000.0 27.62994
436000000.0 27.58064
437000000.0 27.55283
438000000.0 27.56904
439000000.0 27.59829
440000000.0 27.62832
441000000.0 27.64848
442000000.0 27.64929
443000000.0 27.63901
444000000.0 27.62574
445000000.0 27.60866
446000000.0 27.59394
447000000.0 27.5924
448000000.0 27.61805
449000000.0 27.63988
450000000.0 27.65116
451000000.0 27.63377
452000000.0 27.58961
453000000.0 27.54322
454000000.0 27.51997
455000000.0 27.54396
456000000.0 27.57906
457000000.0 27.58115
458000000.0 27.53197
459000000.0 27.46135
460000000.0 27.41897
461000000.0 27.43051
462000000.0 27.48052
463000000.0 27.51593
464000000.0 27.50281
465000000.0 27.47114
466000000.0 27.46584
467000000.0 27.48176
468000000.0 27.49523
469000000.0 27.4875
470000000.0 27.45243
471000000.0 27.43539
472000000.0 27.45216
473000000.0 27.47208
474000000.0 27.47274
475000000.0 27.43586
476000000.0 27.40373
477000000.0 27.39105
478000000.0 27.40229
479000000.0 27.43073
480000000.0 27.45174
481000000.0 27.44609
482000000.0 27.41729
483000000.0 27.38755
484000000.0 27.38186
485000000.0 27.38477
486000000.0 27.40191
487000000.0 27.40696
488000000.0 27.40126
489000000.0 27.38071
490000000.0 27.37133
491000000.0 27.36705
492000000.0 27.35981
493000000.0 27.34198
494000000.0 27.32988
495000000.0 27.32693
496000000.0 27.32211
497000000.0 27.30832
498000000.0 27.28208
499000000.0 27.2454
500000000.0 27.21637
501000000.0 27.21732
502000000.0 27.24543
503000000.0 27.26711
504000000.0 27.26258
505000000.0 27.23731
506000000.0 27.207
507000000.0 27.189
508000000.0 27.1946
509000000.0 27.21046
510000000.0 27.2117
511000000.0 27.18317
512000000.0 27.16353
513000000.0 27.15422
514000000.0 27.14581
515000000.0 27.14843
516000000.0 27.12995
517000000.0 27.10244
518000000.0 27.097
519000000.0 27.11666
520000000.0 27.12815
521000000.0 27.1088
522000000.0 27.08018
523000000.0 27.06139
524000000.0 27.07207
525000000.0 27.0957
526000000.0 27.12261
527000000.0 27.13367
528000000.0 27.12089
529000000.0 27.10285
530000000.0 27.09099
531000000.0 27.09424
532000000.0 27.10298
533000000.0 27.11895
534000000.0 27.11702
535000000.0 27.08709
536000000.0 27.03855
537000000.0 27.00985
538000000.0 27.01486
539000000.0 27.02939
540000000.0 27.03003
541000000.0 27.01949
542000000.0 27.00396
543000000.0 26.99577
544000000.0 26.99322
545000000.0 26.97893
546000000.0 26.94472
547000000.0 26.92167
548000000.0 26.93134
549000000.0 26.96068
550000000.0 26.94462
551000000.0 26.89497
552000000.0 26.84487
553000000.0 26.81981
554000000.0 26.85101
555000000.0 26.90207
556000000.0 26.92738
557000000.0 26.90374
558000000.0 26.86579
559000000.0 26.84833
560000000.0 26.85922
561000000.0 26.86831
562000000.0 26.8865
563000000.0 26.9003
564000000.0 26.91764
565000000.0 26.92999
566000000.0 26.93538
567000000.0 26.92106
568000000.0 26.89847
569000000.0 26.88813
570000000.0 26.89107
571000000.0 26.91158
572000000.0 26.92526
573000000.0 26.92447
574000000.0 26.8964
575000000.0 26.86312
576000000.0 26.84532
577000000.0 26.85012
578000000.0 26.86477
579000000.0 26.87847
580000000.0 26.87729
581000000.0 26.86478
582000000.0 26.83191
583000000.0 26.80314
584000000.0 26.78009
585000000.0 26.77827
586000000.0 26.79994
587000000.0 26.83649
588000000.0 26.85846
589000000.0 26.84395
590000000.0 26.80116
591000000.0 26.76332
592000000.0 26.74902
593000000.0 26.76381
594000000.0 26.79977
595000000.0 26.82589
596000000.0 26.81734
597000000.0 26.76732
598000000.0 26.72108
599000000.0 26.70275
600000000.0 26.72506
601000000.0 26.76557
602000000.0 26.79276
603000000.0 26.79364
604000000.0 26.77055
605000000.0 26.75467
606000000.0 26.75591
607000000.0 26.75049
608000000.0 26.73644
609000000.0 26.73413
610000000.0 26.75382
611000000.0 26.77601
612000000.0 26.77994
613000000.0 26.7412
614000000.0 26.69202
615000000.0 26.6573
616000000.0 26.6778
617000000.0 26.72057
618000000.0 26.74617
619000000.0 26.72971
620000000.0 26.70447
621000000.0 26.68579
622000000.0 26.68506
623000000.0 26.67757
624000000.0 26.66311
625000000.0 26.6327
626000000.0 26.62379
627000000.0 26.65775
628000000.0 26.70843
629000000.0 26.72546
630000000.0 26.69317
631000000.0 26.61705
632000000.0 26.5627
633000000.0 26.57089
634000000.0 26.62934
635000000.0 26.67556
636000000.0 26.65587
637000000.0 26.58109
638000000.0 26.49462
639000000.0 26.45444
640000000.0 26.47904
641000000.0 26.54016
642000000.0 26.59608
643000000.0 26.60494
644000000.0 26.56972
645000000.0 26.52895
646000000.0 26.49029
647000000.0 26.46917
648000000.0 26.48006
649000000.0 26.51278
650000000.0 26.55437
651000000.0 26.57294
652000000.0 26.57475
653000000.0 26.5463
654000000.0 26.49378
655000000.0 26.45625
656000000.0 26.4558
657000000.0 26.49616
658000000.0 26.53685
659000000.0 26.54205
660000000.0 26.49295
661000000.0 26.4188
662000000.0 26.38491
663000000.0 26.41752
664000000.0 26.48116
665000000.0 26.51013
666000000.0 26.50012
667000000.0 26.46072
668000000.0 26.43412
669000000.0 26.42591
670000000.0 26.43857
671000000.0 26.42731
672000000.0 26.40847
673000000.0 26.39356
674000000.0 26.39069
675000000.0 26.39022
676000000.0 26.37556
677000000.0 26.36047
678000000.0 26.34041
679000000.0 26.31631
680000000.0 26.29328
681000000.0 26.28332
682000000.0 26.29773
683000000.0 26.32166
684000000.0 26.32821
685000000.0 26.29553
686000000.0 26.24993
687000000.0 26.22027
688000000.0 26.24832
689000000.0 26.30076
690000000.0 26.33051
691000000.0 26.32166
692000000.0 26.29709
693000000.0 26.27648
694000000.0 26.27125
695000000.0 26.26714
696000000.0 26.28081
697000000.0 26.2805
698000000.0 26.26067
699000000.0 26.22718
700000000.0 26.19113
701000000.0 26.16149
702000000.0 26.16264
703000000.0 26.18657
704000000.0 26.21041
705000000.0 26.19952
706000000.0 26.18355
707000000.0 26.15098
708000000.0 26.11694
709000000.0 26.10802
710000000.0 26.12741
711000000.0 26.1513
712000000.0 26.15582
713000000.0 26.13723
714000000.0 26.10003
715000000.0 26.06922
716000000.0 26.06912
717000000.0 26.10845
718000000.0 26.13148
719000000.0 26.11055
720000000.0 26.07654
721000000.0 26.04702
722000000.0 26.04223
723000000.0 26.05837
724000000.0 26.08099
725000000.0 26.0839
726000000.0 26.08409
727000000.0 26.07851
728000000.0 26.07364
729000000.0 26.0617
730000000.0 26.05187
731000000.0 26.05489
732000000.0 26.06423
733000000.0 26.06236
734000000.0 26.0449
735000000.0 26.02529
736000000.0 25.9969
737000000.0 25.9676
738000000.0 25.95874
739000000.0 25.9695
740000000.0 25.98688
741000000.0 25.9787
742000000.0 25.93881
743000000.0 25.88373
744000000.0 25.86341
745000000.0 25.88623
746000000.0 25.93609
747000000.0 25.93453
748000000.0 25.8888
749000000.0 25.8454
750000000.0 25.87013
751000000.0 25.93211
752000000.0 25.96169
753000000.0 25.92236
754000000.0 25.84264
755000000.0 25.80738
756000000.0 25.84191
757000000.0 25.9029
758000000.0 25.91747
759000000.0 25.86267
760000000.0 25.81058
761000000.0 25.79745
762000000.0 25.82128
763000000.0 25.82796
764000000.0 25.82047
765000000.0 25.80289
766000000.0 25.80142
767000000.0 25.82686
768000000.0 25.84594
769000000.0 25.82623
770000000.0 25.78128
771000000.0 25.74683
772000000.0 25.75702
773000000.0 25.80224
774000000.0 25.85156
775000000.0 25.86368
776000000.0 25.81459
777000000.0 25.73132
778000000.0 25.6734
779000000.0 25.69679
780000000.0 25.77721
781000000.0 25.82706
782000000.0 25.81281
783000000.0 25.75412
784000000.0 25.6986
785000000.0 25.70152
786000000.0 25.74459
787000000.0 25.76877
788000000.0 25.75054
789000000.0 25.72508
790000000.0 25.73596
791000000.0 25.75819
792000000.0 25.76875
793000000.0 25.73566
794000000.0 25.68798
795000000.0 25.65835
796000000.0 25.66804
797000000.0 25.69645
798000000.0 25.69324
799000000.0 25.63004
800000000.0 25.56264
801000000.0 25.53862
802000000.0 25.56029
803000000.0 25.60383
804000000.0 25.60508
805000000.0 25.57545
806000000.0 25.53065
807000000.0 25.52542
808000000.0 25.5661
809000000.0 25.59129
810000000.0 25.5666
811000000.0 25.51451
812000000.0 25.49759
813000000.0 25.53928
814000000.0 25.59226
815000000.0 25.61495
816000000.0 25.56676
817000000.0 25.48998
818000000.0 25.4751
819000000.0 25.5169
820000000.0 25.56188
821000000.0 25.56019
822000000.0 25.53942
823000000.0 25.49676
824000000.0 25.4843
825000000.0 25.48029
826000000.0 25.47985
827000000.0 25.45258
828000000.0 25.43921
829000000.0 25.44637
830000000.0 25.4704
831000000.0 25.47202
832000000.0 25.44959
833000000.0 25.38384
834000000.0 25.33061
835000000.0 25.3159
836000000.0 25.35662
837000000.0 25.42313
838000000.0 25.43932
839000000.0 25.37046
840000000.0 25.29169
841000000.0 25.25129
842000000.0 25.28778
843000000.0 25.36081
844000000.0 25.39837
845000000.0 25.36917
846000000.0 25.32209
847000000.0 25.32683
848000000.0 25.37135
849000000.0 25.39736
850000000.0 25.37392
851000000.0 25.32209
852000000.0 25.30195
853000000.0 25.32951
854000000.0 25.38408
855000000.0 25.3936
856000000.0 25.3402
857000000.0 25.26995
858000000.0 25.25043
859000000.0 25.27953
860000000.0 25.31488
861000000.0 25.32009
862000000.0 25.29204
863000000.0 25.23936
864000000.0 25.21761
865000000.0 25.22243
866000000.0 25.23751
867000000.0 25.22377
868000000.0 25.19504
869000000.0 25.18856
870000000.0 25.2216
871000000.0 25.26538
872000000.0 25.28484
873000000.0 25.24224
874000000.0 25.17762
875000000.0 25.15983
876000000.0 25.20917
877000000.0 25.27355
878000000.0 25.28429
879000000.0 25.23539
880000000.0 25.1736
881000000.0 25.15313
882000000.0 25.16662
883000000.0 25.1888
884000000.0 25.19684
885000000.0 25.17624
886000000.0 25.15559
887000000.0 25.14122
888000000.0 25.13877
889000000.0 25.14527
890000000.0 25.15192
891000000.0 25.15283
892000000.0 25.13855
893000000.0 25.11429
894000000.0 25.11058
895000000.0 25.13176
896000000.0 25.14089
897000000.0 25.11828
898000000.0 25.07507
899000000.0 25.04986
900000000.0 25.05675
901000000.0 25.08669
902000000.0 25.09319
903000000.0 25.07471
904000000.0 25.04183
905000000.0 25.04377
906000000.0 25.05656
907000000.0 25.05045
908000000.0 25.0125
909000000.0 25.00214
910000000.0 25.02551
911000000.0 25.06444
912000000.0 25.08903
913000000.0 25.08384
914000000.0 25.05603
915000000.0 25.04094
916000000.0 25.02886
917000000.0 25.03156
918000000.0 25.02758
919000000.0 25.02674
920000000.0 25.01115
921000000.0 24.97483
922000000.0 24.90943
923000000.0 24.87043
924000000.0 24.88022
925000000.0 24.92879
926000000.0 24.96063
927000000.0 24.95253
928000000.0 24.91107
929000000.0 24.87304
930000000.0 24.87557
931000000.0 24.89966
932000000.0 24.9076
933000000.0 24.89687
934000000.0 24.88931
935000000.0 24.91162
936000000.0 24.92912
937000000.0 24.92797
938000000.0 24.89769
939000000.0 24.84767
940000000.0 24.80296
941000000.0 24.80449
942000000.0 24.8348
943000000.0 24.86104
944000000.0 24.85069
945000000.0 24.80519
946000000.0 24.74158
947000000.0 24.7055
948000000.0 24.72079
949000000.0 24.78042
950000000.0 24.82591
951000000.0 24.82637
952000000.0 24.80507
953000000.0 24.78272
954000000.0 24.74867
955000000.0 24.72154
956000000.0 24.71489
957000000.0 24.73474
958000000.0 24.77734
959000000.0 24.80186
960000000.0 24.77759
961000000.0 24.70504
962000000.0 24.65168
963000000.0 24.64993
964000000.0 24.69542
965000000.0 24.73699
966000000.0 24.7468
967000000.0 24.73654
968000000.0 24.71987
969000000.0 24.70197
970000000.0 24.68555
971000000.0 24.68327
972000000.0 24.69681
973000000.0 24.73466
974000000.0 24.76055
975000000.0 24.74907
976000000.0 24.70761
977000000.0 24.68611
978000000.0 24.68579
979000000.0 24.68847
980000000.0 24.65487
981000000.0 24.62127
982000000.0 24.59953
983000000.0 24.60261
984000000.0 24.60903
985000000.0 24.60356
986000000.0 24.5799
987000000.0 24.56212
988000000.0 24.55462
989000000.0 24.56391
990000000.0 24.56184
991000000.0 24.56554
992000000.0 24.58821
993000000.0 24.62137
994000000.0 24.60687
995000000.0 24.56472
996000000.0 24.52342
997000000.0 24.53166
998000000.0 24.57727
999000000.0 24.62512
1000000000.0 24.61617
1001000000.0 24.5555
1002000000.0 24.51048
1003000000.0 24.51636
1004000000.0 24.55431
1005000000.0 24.58155
1006000000.0 24.56942
1007000000.0 24.54868
1008000000.0 24.52707
1009000000.0 24.53166
1010000000.0 24.5557
1011000000.0 24.57565
1012000000.0 24.56461
1013000000.0 24.54342
1014000000.0 24.53272
1015000000.0 24.53546
1016000000.0 24.53717
1017000000.0 24.5267
1018000000.0 24.49635
1019000000.0 24.46362
1020000000.0 24.4471
1021000000.0 24.45917
1022000000.0 24.4716
1023000000.0 24.45287
1024000000.0 24.41655
1025000000.0 24.4113
1026000000.0 24.42111
1027000000.0 24.4439
1028000000.0 24.44448
1029000000.0 24.42802
1030000000.0 24.39674
1031000000.0 24.39129
1032000000.0 24.42573
1033000000.0 24.46964
1034000000.0 24.49389
1035000000.0 24.4796
1036000000.0 24.44558
1037000000.0 24.40568
1038000000.0 24.39666
1039000000.0 24.43404
1040000000.0 24.46818
1041000000.0 24.44938
1042000000.0 24.3763
1043000000.0 24.30915
1044000000.0 24.29382
1045000000.0 24.33673
1046000000.0 24.38034
1047000000.0 24.37959
1048000000.0 24.33754
1049000000.0 24.29644
1050000000.0 24.31863
1051000000.0 24.36166
1052000000.0 24.38311
1053000000.0 24.34031
1054000000.0 24.29837
1055000000.0 24.28822
1056000000.0 24.30784
1057000000.0 24.33705
1058000000.0 24.34255
1059000000.0 24.30964
1060000000.0 24.26329
1061000000.0 24.22977
1062000000.0 24.22509
1063000000.0 24.23403
1064000000.0 24.24836
1065000000.0 24.25404
1066000000.0 24.23882
1067000000.0 24.20838
1068000000.0 24.18919
1069000000.0 24.19211
1070000000.0 24.20398
1071000000.0 24.19109
1072000000.0 24.17617
1073000000.0 24.17967
1074000000.0 24.19998
1075000000.0 24.22773
1076000000.0 24.23268
1077000000.0 24.18412
1078000000.0 24.12625
1079000000.0 24.10011
1080000000.0 24.1262
1081000000.0 24.15722
1082000000.0 24.16233
1083000000.0 24.12568
1084000000.0 24.08045
1085000000.0 24.04014
1086000000.0 24.03349
1087000000.0 24.05162
1088000000.0 24.08163
1089000000.0 24.0895
1090000000.0 24.0925
1091000000.0 24.08904
1092000000.0 24.08174
1093000000.0 24.07942
1094000000.0 24.06326
1095000000.0 24.03649
1096000000.0 24.01344
1097000000.0 24.0203
1098000000.0 24.05263
1099000000.0 24.05563
1100000000.0 24.00182
1101000000.0 23.92829
1102000000.0 23.87198
1103000000.0 23.86613
1104000000.0 23.89057
1105000000.0 23.91786
1106000000.0 23.92195
1107000000.0 23.89457
1108000000.0 23.85965
1109000000.0 23.82602
1110000000.0 23.80541
1111000000.0 23.81371
1112000000.0 23.85543
1113000000.0 23.90558
1114000000.0 23.90901
1115000000.0 23.87238
1116000000.0 23.83335
1117000000.0 23.82413
1118000000.0 23.82898
1119000000.0 23.83866
1120000000.0 23.8344
1121000000.0 23.82645
1122000000.0 23.82376
1123000000.0 23.8157
1124000000.0 23.78811
1125000000.0 23.74384
1126000000.0 23.71884
1127000000.0 23.73576
1128000000.0 23.76598
1129000000.0 23.77101
1130000000.0 23.7575
1131000000.0 23.75714
1132000000.0 23.76154
1133000000.0 23.7591
1134000000.0 23.72436
1135000000.0 23.6832
1136000000.0 23.67252
1137000000.0 23.70952
1138000000.0 23.74247
1139000000.0 23.71158
1140000000.0 23.61447
1141000000.0 23.53808
1142000000.0 23.51682
1143000000.0 23.55161
1144000000.0 23.58709
1145000000.0 23.60186
1146000000.0 23.60183
1147000000.0 23.59563
1148000000.0 23.57508
1149000000.0 23.55333
1150000000.0 23.51775
1151000000.0 23.51128
1152000000.0 23.55027
1153000000.0 23.61814
1154000000.0 23.6681
1155000000.0 23.66756
1156000000.0 23.63683
1157000000.0 23.59644
1158000000.0 23.57508
1159000000.0 23.59796
1160000000.0 23.64951
1161000000.0 23.68217
1162000000.0 23.63977
1163000000.0 23.54704
1164000000.0 23.47473
1165000000.0 23.47135
1166000000.0 23.53366
1167000000.0 23.59418
1168000000.0 23.55933
1169000000.0 23.47223
1170000000.0 23.40593
1171000000.0 23.43805
1172000000.0 23.51673
1173000000.0 23.57773
1174000000.0 23.56234
1175000000.0 23.49998
1176000000.0 23.4519
1177000000.0 23.4604
1178000000.0 23.50823
1179000000.0 23.54743
1180000000.0 23.54013
1181000000.0 23.4911
1182000000.0 23.43906
1183000000.0 23.41581
1184000000.0 23.42526
1185000000.0 23.44841
1186000000.0 23.45915
1187000000.0 23.44662
1188000000.0 23.44398
1189000000.0 23.46969
1190000000.0 23.4804
1191000000.0 23.43771
1192000000.0 23.35708
1193000000.0 23.30984
1194000000.0 23.34593
1195000000.0 23.43282
1196000000.0 23.48625
1197000000.0 23.4357
1198000000.0 23.33867
1199000000.0 23.2952
1200000000.0 23.35071
1201000000.0 23.4413
1202000000.0 23.45465
1203000000.0 23.38522
1204000000.0 23.31603
1205000000.0 23.30165
1206000000.0 23.34893
1207000000.0 23.38865
1208000000.0 23.39109
1209000000.0 23.36199
1210000000.0 23.36049
1211000000.0 23.39825
1212000000.0 23.45433
1213000000.0 23.47009
1214000000.0 23.45693
1215000000.0 23.42028
1216000000.0 23.38394
1217000000.0 23.37697
1218000000.0 23.4101
1219000000.0 23.44675
1220000000.0 23.46883
1221000000.0 23.45118
1222000000.0 23.41756
1223000000.0 23.38458
1224000000.0 23.37372
1225000000.0 23.37183
1226000000.0 23.37679
1227000000.0 23.37599
1228000000.0 23.38725
1229000000.0 23.39882
1230000000.0 23.37601
1231000000.0 23.28944
1232000000.0 23.21579
1233000000.0 23.19874
1234000000.0 23.27348
1235000000.0 23.35932
1236000000.0 23.38747
1237000000.0 23.32549
1238000000.0 23.22999
1239000000.0 23.1863
1240000000.0 23.23946
1241000000.0 23.31908
1242000000.0 23.36487
1243000000.0 23.33675
1244000000.0 23.29466
1245000000.0 23.26368
1246000000.0 23.27532
1247000000.0 23.31137
1248000000.0 23.32288
1249000000.0 23.31186
1250000000.0 23.30956
1251000000.0 23.33965
1252000000.0 23.39262
1253000000.0 23.40311
1254000000.0 23.36687
1255000000.0 23.31443
1256000000.0 23.29452
1257000000.0 23.33632
1258000000.0 23.39898
1259000000.0 23.4166
1260000000.0 23.38211
1261000000.0 23.33777
1262000000.0 23.33352
1263000000.0 23.33769
1264000000.0 23.31152
1265000000.0 23.24978
1266000000.0 23.19919
1267000000.0 23.2042
1268000000.0 23.25838
1269000000.0 23.29864
1270000000.0 23.27341
1271000000.0 23.20462
1272000000.0 23.15967
1273000000.0 23.18131
1274000000.0 23.24803
1275000000.0 23.32342
1276000000.0 23.36231
1277000000.0 23.36028
1278000000.0 23.31958
1279000000.0 23.27028
1280000000.0 23.25675
1281000000.0 23.28267
1282000000.0 23.3229
1283000000.0 23.34459
1284000000.0 23.33495
1285000000.0 23.31831
1286000000.0 23.29489
1287000000.0 23.28148
1288000000.0 23.25742
1289000000.0 23.22231
1290000000.0 23.21268
1291000000.0 23.25833
1292000000.0 23.31081
1293000000.0 23.32121
1294000000.0 23.27499
1295000000.0 23.22581
1296000000.0 23.21524
1297000000.0 23.26926
1298000000.0 23.32431
1299000000.0 23.34912
1300000000.0 23.33661
1301000000.0 23.30222
1302000000.0 23.28451
1303000000.0 23.26177
1304000000.0 23.23222
1305000000.0 23.19779
1306000000.0 23.19513
1307000000.0 23.21612
1308000000.0 23.25645
1309000000.0 23.26599
1310000000.0 23.2333
1311000000.0 23.18178
1312000000.0 23.16414
1313000000.0 23.17883
1314000000.0 23.22876
1315000000.0 23.26709
1316000000.0 23.28086
1317000000.0 23.24906
1318000000.0 23.21634
1319000000.0 23.21131
1320000000.0 23.23713
1321000000.0 23.2555
1322000000.0 23.25545
1323000000.0 23.23166
1324000000.0 23.21957
1325000000.0 23.2085
1326000000.0 23.19922
1327000000.0 23.16705
1328000000.0 23.13754
1329000000.0 23.14083
1330000000.0 23.17467
1331000000.0 23.20333
1332000000.0 23.1942
1333000000.0 23.15936
1334000000.0 23.15453
1335000000.0 23.17699
1336000000.0 23.198
1337000000.0 23.20698
1338000000.0 23.19902
1339000000.0 23.1951
1340000000.0 23.19232
1341000000.0 23.18461
1342000000.0 23.16307
1343000000.0 23.14105
1344000000.0 23.14389
1345000000.0 23.15276
1346000000.0 23.14648
1347000000.0 23.12219
1348000000.0 23.1036
1349000000.0 23.11598
1350000000.0 23.1138
1351000000.0 23.08441
1352000000.0 23.04125
1353000000.0 23.03791
1354000000.0 23.06202
1355000000.0 23.09472
1356000000.0 23.06953
1357000000.0 23.01009
1358000000.0 22.96763
1359000000.0 22.99885
1360000000.0 23.05085
1361000000.0 23.06066
1362000000.0 23.00351
1363000000.0 22.94261
1364000000.0 22.90167
1365000000.0 22.88064
1366000000.0 22.86378
1367000000.0 22.85054
1368000000.0 22.85492
1369000000.0 22.87718
1370000000.0 22.87902
1371000000.0 22.82794
1372000000.0 22.75717
1373000000.0 22.7479
1374000000.0 22.82417
1375000000.0 22.92426
1376000000.0 22.95031
1377000000.0 22.89573
1378000000.0 22.81227
1379000000.0 22.77753
1380000000.0 22.79428
1381000000.0 22.84336
1382000000.0 22.87512
1383000000.0 22.87018
1384000000.0 22.84457
1385000000.0 22.80383
1386000000.0 22.74389
1387000000.0 22.69313
1388000000.0 22.66963
1389000000.0 22.6959
1390000000.0 22.73034
1391000000.0 22.75031
1392000000.0 22.73993
1393000000.0 22.70954
1394000000.0 22.65499
1395000000.0 22.61581
1396000000.0 22.61652
1397000000.0 22.66409
1398000000.0 22.72155
1399000000.0 22.74919
1400000000.0 22.71112
1401000000.0 22.63096
1402000000.0 22.57291
1403000000.0 22.56316
1404000000.0 22.57181
1405000000.0 22.57019
1406000000.0 22.55264
1407000000.0 22.55662
1408000000.0 22.57236
1409000000.0 22.5702
1410000000.0 22.53392
1411000000.0 22.46317
1412000000.0 22.41212
1413000000.0 22.42021
1414000000.0 22.4736
1415000000.0 22.54301
1416000000.0 22.56429
1417000000.0 22.52733
1418000000.0 22.43701
1419000000.0 22.34834
1420000000.0 22.32377
1421000000.0 22.38507
1422000000.0 22.48582
1423000000.0 22.52602
1424000000.0 22.46256
1425000000.0 22.35362
1426000000.0 22.28071
1427000000.0 22.28596
1428000000.0 22.33193
1429000000.0 22.37729
1430000000.0 22.39119
1431000000.0 22.39162
1432000000.0 22.39789
1433000000.0 22.39089
1434000000.0 22.34223
1435000000.0 22.27954
1436000000.0 22.27589
1437000000.0 22.33146
1438000000.0 22.40649
1439000000.0 22.43262
1440000000.0 22.4008
1441000000.0 22.33952
1442000000.0 22.30885
1443000000.0 22.3147
1444000000.0 22.33255
1445000000.0 22.33615
1446000000.0 22.33374
1447000000.0 22.32899
1448000000.0 22.31697
1449000000.0 22.27065
1450000000.0 22.21893
1451000000.0 22.17887
1452000000.0 22.17042
1453000000.0 22.18847
1454000000.0 22.22524
1455000000.0 22.24936
1456000000.0 22.26279
1457000000.0 22.24613
1458000000.0 22.22792
1459000000.0 22.19056
1460000000.0 22.18404
1461000000.0 22.20265
1462000000.0 22.25354
1463000000.0 22.28354
1464000000.0 22.27305
1465000000.0 22.20399
1466000000.0 22.11438
1467000000.0 22.03888
1468000000.0 22.04063
1469000000.0 22.11097
1470000000.0 22.20662
1471000000.0 22.26652
1472000000.0 22.25279
1473000000.0 22.18357
1474000000.0 22.11761
1475000000.0 22.10666
1476000000.0 22.15646
1477000000.0 22.21738
1478000000.0 22.25562
1479000000.0 22.23146
1480000000.0 22.18398
1481000000.0 22.11943
1482000000.0 22.09326
1483000000.0 22.10958
1484000000.0 22.14786
1485000000.0 22.16379
1486000000.0 22.14677
1487000000.0 22.11583
1488000000.0 22.09343
1489000000.0 22.06772
1490000000.0 22.02598
1491000000.0 21.98001
1492000000.0 21.95485
1493000000.0 21.99105
1494000000.0 22.07625
1495000000.0 22.1448
1496000000.0 22.1413
1497000000.0 22.08688
1498000000.0 22.04794
1499000000.0 22.0494
1500000000.0 22.08738
1501000000.0 22.11922
1502000000.0 22.13518
1503000000.0 22.12629
1504000000.0 22.10489
1505000000.0 22.06815
1506000000.0 22.00953
1507000000.0 21.95618
1508000000.0 21.95361
1509000000.0 22.00935
1510000000.0 22.06923
1511000000.0 22.09331
1512000000.0 22.06992
1513000000.0 22.02779
1514000000.0 21.98247
1515000000.0 21.95401
1516000000.0 21.96081
1517000000.0 22.00401
1518000000.0 22.06018
1519000000.0 22.0936
1520000000.0 22.05334
1521000000.0 21.97705
1522000000.0 21.91447
1523000000.0 21.93481
1524000000.0 22.00445
1525000000.0 22.06475
1526000000.0 22.05148
1527000000.0 21.99869
1528000000.0 21.93426
1529000000.0 21.90456
1530000000.0 21.92232
1531000000.0 21.96703
1532000000.0 22.00257
1533000000.0 22.02384
1534000000.0 22.02922
1535000000.0 22.0306
1536000000.0 22.03101
1537000000.0 22.04522
1538000000.0 22.04808
1539000000.0 22.02887
1540000000.0 21.99709
1541000000.0 21.99638
1542000000.0 22.02338
1543000000.0 22.0447
1544000000.0 22.02126
1545000000.0 21.9758
1546000000.0 21.94575
1547000000.0 21.95747
1548000000.0 21.99338
1549000000.0 22.02418
1550000000.0 22.00509
1551000000.0 21.98108
1552000000.0 21.97037
1553000000.0 21.99218
1554000000.0 22.00829
1555000000.0 22.01431
1556000000.0 22.02608
1557000000.0 22.05376
1558000000.0 22.07854
1559000000.0 22.09187
1560000000.0 22.09525
1561000000.0 22.08764
1562000000.0 22.06672
1563000000.0 22.04899
1564000000.0 22.02786
1565000000.0 22.01527
1566000000.0 22.00457
1567000000.0 21.98334
1568000000.0 21.93693
1569000000.0 21.89691
1570000000.0 21.90246
1571000000.0 21.95967
1572000000.0 21.99066
1573000000.0 21.95504
1574000000.0 21.88814
1575000000.0 21.86219
1576000000.0 21.91013
1577000000.0 21.97538
1578000000.0 21.98533
1579000000.0 21.93795
1580000000.0 21.88691
1581000000.0 21.9037
1582000000.0 21.96116
1583000000.0 21.98852
1584000000.0 21.96295
1585000000.0 21.93383
1586000000.0 21.94985
1587000000.0 21.96811
1588000000.0 21.93511
1589000000.0 21.85573
1590000000.0 21.80071
1591000000.0 21.81797
1592000000.0 21.90106
1593000000.0 21.96659
1594000000.0 21.97041
1595000000.0 21.91962
1596000000.0 21.89972
1597000000.0 21.921
1598000000.0 21.97343
1599000000.0 21.99862
1600000000.0 21.99408
1601000000.0 21.94914
1602000000.0 21.899
1603000000.0 21.86581
1604000000.0 21.87122
1605000000.0 21.86881
1606000000.0 21.84253
1607000000.0 21.78008
1608000000.0 21.72845
1609000000.0 21.72562
1610000000.0 21.77214
1611000000.0 21.81365
1612000000.0 21.77822
1613000000.0 21.67562
1614000000.0 21.61288
1615000000.0 21.63972
1616000000.0 21.73706
1617000000.0 21.81083
1618000000.0 21.81392
1619000000.0 21.77471
1620000000.0 21.75776
1621000000.0 21.77861
1622000000.0 21.82121
1623000000.0 21.81763
1624000000.0 21.78219
1625000000.0 21.74679
1626000000.0 21.74891
1627000000.0 21.7379
1628000000.0 21.71308
1629000000.0 21.65007
1630000000.0 21.5939
1631000000.0 21.56838
1632000000.0 21.60655
1633000000.0 21.67546
1634000000.0 21.71317
1635000000.0 21.68036
1636000000.0 21.61418
1637000000.0 21.5717
1638000000.0 21.58813
1639000000.0 21.63766
1640000000.0 21.6509
1641000000.0 21.60004
1642000000.0 21.5362
1643000000.0 21.52374
1644000000.0 21.56639
1645000000.0 21.56349
1646000000.0 21.48953
1647000000.0 21.38247
1648000000.0 21.33878
1649000000.0 21.3937
1650000000.0 21.46832
1651000000.0 21.48045
1652000000.0 21.39619
1653000000.0 21.30081
1654000000.0 21.28136
1655000000.0 21.35256
1656000000.0 21.44649
1657000000.0 21.5145
1658000000.0 21.54425
1659000000.0 21.56513
1660000000.0 21.5688
1661000000.0 21.55057
1662000000.0 21.52321
1663000000.0 21.48978
1664000000.0 21.4767
1665000000.0 21.48924
1666000000.0 21.50606
1667000000.0 21.49001
1668000000.0 21.41916
1669000000.0 21.32281
1670000000.0 21.23802
1671000000.0 21.22185
1672000000.0 21.28584
1673000000.0 21.38044
1674000000.0 21.41543
1675000000.0 21.34954
1676000000.0 21.23848
1677000000.0 21.18673
1678000000.0 21.22029
1679000000.0 21.31359
1680000000.0 21.38772
1681000000.0 21.40025
1682000000.0 21.38279
1683000000.0 21.38708
1684000000.0 21.40606
1685000000.0 21.39609
1686000000.0 21.32697
1687000000.0 21.26078
1688000000.0 21.24387
1689000000.0 21.28886
1690000000.0 21.327
1691000000.0 21.3076
1692000000.0 21.21949
1693000000.0 21.12456
1694000000.0 21.09424
1695000000.0 21.15664
1696000000.0 21.2403
1697000000.0 21.29424
1698000000.0 21.29653
1699000000.0 21.27684
1700000000.0 21.27089
1701000000.0 21.2736
1702000000.0 21.25997
1703000000.0 21.21792
1704000000.0 21.17921
1705000000.0 21.18512
1706000000.0 21.23465
1707000000.0 21.25999
1708000000.0 21.21774
1709000000.0 21.11482
1710000000.0 21.02751
1711000000.0 21.03341
1712000000.0 21.11158
1713000000.0 21.17393
1714000000.0 21.15743
1715000000.0 21.08655
1716000000.0 21.03863
1717000000.0 21.04029
1718000000.0 21.07845
1719000000.0 21.12197
1720000000.0 21.14277
1721000000.0 21.14628
1722000000.0 21.14488
1723000000.0 21.14038
1724000000.0 21.11281
1725000000.0 21.08787
1726000000.0 21.0482
1727000000.0 21.01429
1728000000.0 20.97679
1729000000.0 20.96082
1730000000.0 20.96775
1731000000.0 20.98767
1732000000.0 20.97702
1733000000.0 20.94343
1734000000.0 20.92149
1735000000.0 20.93971
1736000000.0 20.98235
1737000000.0 20.99845
1738000000.0 20.98811
1739000000.0 20.96978
1740000000.0 20.97698
1741000000.0 21.01451
1742000000.0 21.01025
1743000000.0 20.96173
1744000000.0 20.90659
1745000000.0 20.90482
1746000000.0 20.96328
1747000000.0 21.00897
1748000000.0 20.98909
1749000000.0 20.92397
1750000000.0 20.85777
1751000000.0 20.83796
1752000000.0 20.85669
1753000000.0 20.8831
1754000000.0 20.8906
1755000000.0 20.90161
1756000000.0 20.9091
1757000000.0 20.91167
1758000000.0 20.89269
1759000000.0 20.87748
1760000000.0 20.88581
1761000000.0 20.91364
1762000000.0 20.943
1763000000.0 20.95531
1764000000.0 20.92954
1765000000.0 20.87595
1766000000.0 20.83011
1767000000.0 20.82024
1768000000.0 20.84312
1769000000.0 20.88145
1770000000.0 20.90451
1771000000.0 20.90168
1772000000.0 20.87582
1773000000.0 20.86909
1774000000.0 20.88032
1775000000.0 20.87765
1776000000.0 20.84047
1777000000.0 20.81219
1778000000.0 20.83537
1779000000.0 20.90359
1780000000.0 20.95548
1781000000.0 20.94233
1782000000.0 20.8852
1783000000.0 20.84041
1784000000.0 20.87407
1785000000.0 20.94316
1786000000.0 20.97896
1787000000.0 20.95627
1788000000.0 20.89907
1789000000.0 20.84868
1790000000.0 20.81001
1791000000.0 20.78082
1792000000.0 20.77416
1793000000.0 20.80643
1794000000.0 20.85065
1795000000.0 20.89352
1796000000.0 20.89425
1797000000.0 20.87743
1798000000.0 20.86521
1799000000.0 20.87099
1800000000.0 20.89409
1801000000.0 20.91016
1802000000.0 20.92963
1803000000.0 20.95808
1804000000.0 20.96414
1805000000.0 20.92064
1806000000.0 20.85441
1807000000.0 20.8386
1808000000.0 20.87463
1809000000.0 20.9279
1810000000.0 20.93435
1811000000.0 20.8762
1812000000.0 20.81519
1813000000.0 20.80468
1814000000.0 20.82462
1815000000.0 20.82173
1816000000.0 20.77896
1817000000.0 20.74735
1818000000.0 20.77144
1819000000.0 20.83271
1820000000.0 20.87202
1821000000.0 20.87737
1822000000.0 20.85912
1823000000.0 20.85258
1824000000.0 20.85852
1825000000.0 20.85641
1826000000.0 20.82907
1827000000.0 20.80251
1828000000.0 20.80056
1829000000.0 20.80934
1830000000.0 20.79391
1831000000.0 20.73959
1832000000.0 20.70132
1833000000.0 20.71173
1834000000.0 20.75963
1835000000.0 20.80737
1836000000.0 20.82362
1837000000.0 20.80253
1838000000.0 20.76533
1839000000.0 20.7433
1840000000.0 20.74943
1841000000.0 20.76875
1842000000.0 20.79378
1843000000.0 20.80646
1844000000.0 20.8075
1845000000.0 20.79066
1846000000.0 20.77893
1847000000.0 20.77675
1848000000.0 20.76521
1849000000.0 20.73637
1850000000.0 20.7107
1851000000.0 20.70101
1852000000.0 20.70269
1853000000.0 20.6861
1854000000.0 20.66204
1855000000.0 20.63557
1856000000.0 20.6333
1857000000.0 20.67547
1858000000.0 20.74079
1859000000.0 20.77558
1860000000.0 20.78889
1861000000.0 20.78513
1862000000.0 20.8003
1863000000.0 20.80479
1864000000.0 20.80359
1865000000.0 20.79253
1866000000.0 20.77378
1867000000.0 20.75283
1868000000.0 20.74262
1869000000.0 20.74276
1870000000.0 20.76168
1871000000.0 20.76998
1872000000.0 20.75032
1873000000.0 20.69446
1874000000.0 20.64223
1875000000.0 20.6309
1876000000.0 20.67718
1877000000.0 20.71812
1878000000.0 20.70542
1879000000.0 20.64808
1880000000.0 20.60846
1881000000.0 20.61802
1882000000.0 20.66766
1883000000.0 20.71721
1884000000.0 20.74374
1885000000.0 20.74253
1886000000.0 20.73856
1887000000.0 20.72747
1888000000.0 20.70585
1889000000.0 20.67479
1890000000.0 20.66017
1891000000.0 20.67475
1892000000.0 20.69526
1893000000.0 20.70857
1894000000.0 20.71293
1895000000.0 20.72034
1896000000.0 20.73363
1897000000.0 20.75582
1898000000.0 20.77972
1899000000.0 20.80183
1900000000.0 20.8134
1901000000.0 20.8245
1902000000.0 20.82574
1903000000.0 20.80556
1904000000.0 20.77611
1905000000.0 20.77257
1906000000.0 20.78541
1907000000.0 20.79907
1908000000.0 20.78607
1909000000.0 20.76161
1910000000.0 20.73487
1911000000.0 20.72601
1912000000.0 20.7316
1913000000.0 20.7225
1914000000.0 20.66401
1915000000.0 20.59258
1916000000.0 20.55773
1917000000.0 20.58423
1918000000.0 20.64251
1919000000.0 20.70011
1920000000.0 20.70401
1921000000.0 20.66699
1922000000.0 20.63118
1923000000.0 20.6403
1924000000.0 20.67338
1925000000.0 20.70267
1926000000.0 20.69505
1927000000.0 20.66784
1928000000.0 20.62779
1929000000.0 20.58893
1930000000.0 20.56149
1931000000.0 20.56357
1932000000.0 20.58286
1933000000.0 20.61571
1934000000.0 20.63432
1935000000.0 20.63057
1936000000.0 20.58367
1937000000.0 20.54649
1938000000.0 20.53801
1939000000.0 20.5533
1940000000.0 20.56393
1941000000.0 20.56991
1942000000.0 20.57376
1943000000.0 20.56762
1944000000.0 20.53465
1945000000.0 20.51378
1946000000.0 20.49861
1947000000.0 20.49678
1948000000.0 20.49498
1949000000.0 20.47547
1950000000.0 20.41692
1951000000.0 20.36389
1952000000.0 20.33924
1953000000.0 20.33024
1954000000.0 20.29568
1955000000.0 20.22976
1956000000.0 20.19788
1957000000.0 20.21991
1958000000.0 20.28353
1959000000.0 20.32195
1960000000.0 20.30241
1961000000.0 20.25749
1962000000.0 20.22645
1963000000.0 20.23487
1964000000.0 20.25038
1965000000.0 20.23659
1966000000.0 20.22446
1967000000.0 20.2339
1968000000.0 20.24289
1969000000.0 20.20702
1970000000.0 20.12615
1971000000.0 20.05689
1972000000.0 20.05555
1973000000.0 20.12124
1974000000.0 20.18454
1975000000.0 20.16891
1976000000.0 20.06827
1977000000.0 19.93958
1978000000.0 19.87385
1979000000.0 19.90709
1980000000.0 19.99915
1981000000.0 20.0967
1982000000.0 20.13596
1983000000.0 20.10799
1984000000.0 20.06178
1985000000.0 20.04703
1986000000.0 20.08346
1987000000.0 20.10616
1988000000.0 20.08504
1989000000.0 20.02944
1990000000.0 19.99044
1991000000.0 19.97302
1992000000.0 19.97651
1993000000.0 19.94699
1994000000.0 19.91094
1995000000.0 19.88434
1996000000.0 19.91967
1997000000.0 19.96878
1998000000.0 19.97832
1999000000.0 19.92994
2000000000.0 19.89322
2001000000.0 19.884
2002000000.0 19.8907
2003000000.0 19.92994
2004000000.0 19.9376
2005000000.0 19.87854
2006000000.0 19.81026
2007000000.0 19.79706
2008000000.0 19.84723
2009000000.0 19.91537
2010000000.0 19.96202
2011000000.0 19.94298
2012000000.0 19.8723
2013000000.0 19.79561
2014000000.0 19.76587
2015000000.0 19.8026
2016000000.0 19.87111
2017000000.0 19.90211
2018000000.0 19.85349
2019000000.0 19.75531
2020000000.0 19.70097
2021000000.0 19.73602
2022000000.0 19.83751
2023000000.0 19.8984
2024000000.0 19.89535
2025000000.0 19.87071
2026000000.0 19.8736
2027000000.0 19.87454
2028000000.0 19.82833
2029000000.0 19.74258
2030000000.0 19.6831
2031000000.0 19.70591
2032000000.0 19.79172
2033000000.0 19.82396
2034000000.0 19.76931
2035000000.0 19.65803
2036000000.0 19.61154
2037000000.0 19.65741
2038000000.0 19.73284
2039000000.0 19.75451
2040000000.0 19.7282
2041000000.0 19.68815
2042000000.0 19.68469
2043000000.0 19.71537
2044000000.0 19.7436
2045000000.0 19.73806
2046000000.0 19.73166
2047000000.0 19.73981
2048000000.0 19.77372
2049000000.0 19.80652
2050000000.0 19.8336
2051000000.0 19.81342
2052000000.0 19.76048
2053000000.0 19.70091
2054000000.0 19.68042
2055000000.0 19.72156
2056000000.0 19.7783
2057000000.0 19.80576
2058000000.0 19.79403
2059000000.0 19.75836
2060000000.0 19.74084
2061000000.0 19.74979
2062000000.0 19.77668
2063000000.0 19.78986
2064000000.0 19.79885
2065000000.0 19.80847
2066000000.0 19.79179
2067000000.0 19.72838
2068000000.0 19.63345
2069000000.0 19.57668
2070000000.0 19.59803
2071000000.0 19.67982
2072000000.0 19.75686
2073000000.0 19.76492
2074000000.0 19.69487
2075000000.0 19.61766
2076000000.0 19.60049
2077000000.0 19.63721
2078000000.0 19.69615
2079000000.0 19.71917
2080000000.0 19.71306
2081000000.0 19.69063
2082000000.0 19.6883
2083000000.0 19.72074
2084000000.0 19.75477
2085000000.0 19.75468
2086000000.0 19.74322
2087000000.0 19.74718
2088000000.0 19.77356
2089000000.0 19.7814
2090000000.0 19.73062
2091000000.0 19.6289
2092000000.0 19.5515
2093000000.0 19.56182
2094000000.0 19.65098
2095000000.0 19.73813
2096000000.0 19.74358
2097000000.0 19.69382
2098000000.0 19.66253
2099000000.0 19.68936
2100000000.0 19.73786
2101000000.0 19.7376
2102000000.0 19.69024
2103000000.0 19.65025
2104000000.0 19.68012
2105000000.0 19.74535
2106000000.0 19.78882
2107000000.0 19.77056
2108000000.0 19.72149
2109000000.0 19.70715
2110000000.0 19.7345
2111000000.0 19.7981
2112000000.0 19.83537
2113000000.0 19.81063
2114000000.0 19.74394
2115000000.0 19.6767
2116000000.0 19.65606
2117000000.0 19.67511
2118000000.0 19.70845
2119000000.0 19.72051
2120000000.0 19.70696
2121000000.0 19.69173
2122000000.0 19.71221
2123000000.0 19.73729
2124000000.0 19.74123
2125000000.0 19.68327
2126000000.0 19.63097
2127000000.0 19.62966
2128000000.0 19.66694
2129000000.0 19.69974
2130000000.0 19.67304
2131000000.0 19.5834
2132000000.0 19.51486
2133000000.0 19.52201
2134000000.0 19.60581
2135000000.0 19.68938
2136000000.0 19.72087
2137000000.0 19.71528
2138000000.0 19.69272
2139000000.0 19.67753
2140000000.0 19.6779
2141000000.0 19.68019
2142000000.0 19.67618
2143000000.0 19.66373
2144000000.0 19.68185
2145000000.0 19.71468
2146000000.0 19.72516
2147000000.0 19.70257
2148000000.0 19.668
2149000000.0 19.65101
2150000000.0 19.66056
2151000000.0 19.66357
2152000000.0 19.62281
2153000000.0 19.51987
2154000000.0 19.41085
2155000000.0 19.38069
2156000000.0 19.43182
2157000000.0 19.50047
2158000000.0 19.52494
2159000000.0 19.49713
2160000000.0 19.47714
2161000000.0 19.496
2162000000.0 19.53491
2163000000.0 19.5465
2164000000.0 19.51737
2165000000.0 19.48685
2166000000.0 19.49384
2167000000.0 19.52817
2168000000.0 19.53877
2169000000.0 19.52258
2170000000.0 19.5055
2171000000.0 19.51771
2172000000.0 19.55917
2173000000.0 19.59283
2174000000.0 19.59133
2175000000.0 19.56751
2176000000.0 19.52789
2177000000.0 19.50262
2178000000.0 19.4863
2179000000.0 19.48956
2180000000.0 19.50035
2181000000.0 19.50899
2182000000.0 19.49264
2183000000.0 19.46398
2184000000.0 19.46196
2185000000.0 19.50014
2186000000.0 19.53298
2187000000.0 19.51216
2188000000.0 19.45042
2189000000.0 19.40497
2190000000.0 19.39627
2191000000.0 19.40412
2192000000.0 19.36721
2193000000.0 19.27943
2194000000.0 19.19761
2195000000.0 19.22032
2196000000.0 19.30775
2197000000.0 19.3998
2198000000.0 19.4051
2199000000.0 19.36147
2200000000.0 19.32692
2201000000.0 19.32632
2202000000.0 19.35051
2203000000.0 19.37909
2204000000.0 19.38276
2205000000.0 19.39262
2206000000.0 19.39721
2207000000.0 19.39924
2208000000.0 19.37799
2209000000.0 19.36419
2210000000.0 19.38238
2211000000.0 19.42229
2212000000.0 19.44378
2213000000.0 19.43373
2214000000.0 19.37669
2215000000.0 19.29406
2216000000.0 19.20425
2217000000.0 19.16636
2218000000.0 19.18028
2219000000.0 19.24154
2220000000.0 19.31166
2221000000.0 19.33998
2222000000.0 19.30471
2223000000.0 19.24097
2224000000.0 19.19981
2225000000.0 19.21109
2226000000.0 19.24616
2227000000.0 19.28409
2228000000.0 19.30307
2229000000.0 19.28144
2230000000.0 19.20237
2231000000.0 19.09538
2232000000.0 19.028
2233000000.0 19.04317
2234000000.0 19.1278
2235000000.0 19.22505
2236000000.0 19.27058
2237000000.0 19.24163
2238000000.0 19.18006
2239000000.0 19.12584
2240000000.0 19.09833
2241000000.0 19.0825
2242000000.0 19.0943
2243000000.0 19.14662
2244000000.0 19.19512
2245000000.0 19.19059
2246000000.0 19.12773
2247000000.0 19.05652
2248000000.0 19.03925
2249000000.0 19.08134
2250000000.0 19.14084
2251000000.0 19.14744
2252000000.0 19.10842
2253000000.0 19.03683
2254000000.0 18.96669
2255000000.0 18.89056
2256000000.0 18.82173
2257000000.0 18.80603
2258000000.0 18.86291
2259000000.0 18.95038
2260000000.0 18.99829
2261000000.0 18.97961
2262000000.0 18.92211
2263000000.0 18.87696
2264000000.0 18.87903
2265000000.0 18.90668
2266000000.0 18.93006
2267000000.0 18.94119
2268000000.0 18.95418
2269000000.0 18.94762
2270000000.0 18.91943
2271000000.0 18.86795
2272000000.0 18.84515
2273000000.0 18.86141
2274000000.0 18.90375
2275000000.0 18.92658
2276000000.0 18.92385
2277000000.0 18.87
2278000000.0 18.78754
2279000000.0 18.67881
2280000000.0 18.59382
2281000000.0 18.55586
2282000000.0 18.60514
2283000000.0 18.7246
2284000000.0 18.82137
2285000000.0 18.82362
2286000000.0 18.74909
2287000000.0 18.66777
2288000000.0 18.65941
2289000000.0 18.71283
2290000000.0 18.79103
2291000000.0 18.8292
2292000000.0 18.80346
2293000000.0 18.75112
2294000000.0 18.71175
2295000000.0 18.68825
2296000000.0 18.68388
2297000000.0 18.70814
2298000000.0 18.77185
2299000000.0 18.8411
2300000000.0 18.87407
2301000000.0 18.84945
2302000000.0 18.76445
2303000000.0 18.66215
2304000000.0 18.62349
2305000000.0 18.67073
2306000000.0 18.76471
2307000000.0 18.83275
2308000000.0 18.82799
2309000000.0 18.78093
2310000000.0 18.74004
2311000000.0 18.75545
2312000000.0 18.80473
2313000000.0 18.8319
2314000000.0 18.80629
2315000000.0 18.74645
2316000000.0 18.71371
2317000000.0 18.70016
2318000000.0 18.69002
2319000000.0 18.66883
2320000000.0 18.6472
2321000000.0 18.64964
2322000000.0 18.69715
2323000000.0 18.78623
2324000000.0 18.85496
2325000000.0 18.89723
2326000000.0 18.89674
2327000000.0 18.87505
2328000000.0 18.84896
2329000000.0 18.85207
2330000000.0 18.87397
2331000000.0 18.90955
2332000000.0 18.92372
2333000000.0 18.91219
2334000000.0 18.89354
2335000000.0 18.89304
2336000000.0 18.89415
2337000000.0 18.89221
2338000000.0 18.88266
2339000000.0 18.86864
2340000000.0 18.8378
2341000000.0 18.78395
2342000000.0 18.69186
2343000000.0 18.61112
2344000000.0 18.5773
2345000000.0 18.62547
2346000000.0 18.71468
2347000000.0 18.78409
2348000000.0 18.79254
2349000000.0 18.76676
2350000000.0 18.73206
2351000000.0 18.72843
2352000000.0 18.74027
2353000000.0 18.77201
2354000000.0 18.77567
2355000000.0 18.76341
2356000000.0 18.74219
2357000000.0 18.72359
2358000000.0 18.71066
2359000000.0 18.72271
2360000000.0 18.76825
2361000000.0 18.80983
2362000000.0 18.82772
2363000000.0 18.81591
2364000000.0 18.77243
2365000000.0 18.72334
2366000000.0 18.71042
2367000000.0 18.74149
2368000000.0 18.76949
2369000000.0 18.7696
2370000000.0 18.72259
2371000000.0 18.67922
2372000000.0 18.6616
2373000000.0 18.69562
2374000000.0 18.71991
2375000000.0 18.70425
2376000000.0 18.62148
2377000000.0 18.54262
2378000000.0 18.50292
2379000000.0 18.50461
2380000000.0 18.50706
2381000000.0 18.51024
2382000000.0 18.52278
2383000000.0 18.55511
2384000000.0 18.59841
2385000000.0 18.63244
2386000000.0 18.63917
2387000000.0 18.62644
2388000000.0 18.61528
2389000000.0 18.61835
2390000000.0 18.61716
2391000000.0 18.60771
2392000000.0 18.5928
2393000000.0 18.56642
2394000000.0 18.53166
2395000000.0 18.51103
2396000000.0 18.52676
2397000000.0 18.57308
2398000000.0 18.61303
2399000000.0 18.59468
2400000000.0 18.53463
2401000000.0 18.4781
2402000000.0 18.45985
2403000000.0 18.43758
2404000000.0 18.40083
2405000000.0 18.33202
2406000000.0 18.30456
2407000000.0 18.35519
2408000000.0 18.43858
2409000000.0 18.46977
2410000000.0 18.43057
2411000000.0 18.37639
2412000000.0 18.38702
2413000000.0 18.44019
2414000000.0 18.49198
2415000000.0 18.4741
2416000000.0 18.40031
2417000000.0 18.34076
2418000000.0 18.3301
2419000000.0 18.34283
2420000000.0 18.35657
2421000000.0 18.39099
2422000000.0 18.45226
2423000000.0 18.52178
2424000000.0 18.54406
2425000000.0 18.4973
2426000000.0 18.42843
2427000000.0 18.38813
2428000000.0 18.40812
2429000000.0 18.45422
2430000000.0 18.48053
2431000000.0 18.46159
2432000000.0 18.41975
2433000000.0 18.36342
2434000000.0 18.33885
2435000000.0 18.34398
2436000000.0 18.39374
2437000000.0 18.43493
2438000000.0 18.429
2439000000.0 18.37689
2440000000.0 18.31742
2441000000.0 18.26131
2442000000.0 18.22786
2443000000.0 18.20947
2444000000.0 18.21678
2445000000.0 18.25746
2446000000.0 18.33978
2447000000.0 18.42248
2448000000.0 18.45175
2449000000.0 18.41833
2450000000.0 18.3948
2451000000.0 18.40862
2452000000.0 18.4639
2453000000.0 18.47559
2454000000.0 18.43807
2455000000.0 18.36383
2456000000.0 18.31902
2457000000.0 18.32206
2458000000.0 18.36156
2459000000.0 18.38393
2460000000.0 18.37794
2461000000.0 18.3544
2462000000.0 18.3396
2463000000.0 18.32477
2464000000.0 18.30873
2465000000.0 18.27848
2466000000.0 18.21159
2467000000.0 18.12646
2468000000.0 18.07033
2469000000.0 18.08285
2470000000.0 18.15634
2471000000.0 18.21696
2472000000.0 18.21988
2473000000.0 18.18512
2474000000.0 18.15511
2475000000.0 18.18471
2476000000.0 18.23111
2477000000.0 18.2229
2478000000.0 18.15471
2479000000.0 18.09626
2480000000.0 18.11556
2481000000.0 18.17779
2482000000.0 18.20924
2483000000.0 18.17317
2484000000.0 18.10645
2485000000.0 18.10981
2486000000.0 18.18293
2487000000.0 18.26138
2488000000.0 18.27339
2489000000.0 18.21733
2490000000.0 18.15518
2491000000.0 18.14097
2492000000.0 18.16537
2493000000.0 18.18929
2494000000.0 18.18451
2495000000.0 18.17295
2496000000.0 18.15384
2497000000.0 18.14999
2498000000.0 18.15109
2499000000.0 18.1528
2500000000.0 18.13679
2501000000.0 18.11252
2502000000.0 18.08364
2503000000.0 18.06293
2504000000.0 18.03859
2505000000.0 18.01595
2506000000.0 17.98078
2507000000.0 17.95588
2508000000.0 17.95847
2509000000.0 18.01382
2510000000.0 18.0834
2511000000.0 18.13175
2512000000.0 18.14519
2513000000.0 18.1509
2514000000.0 18.15936
2515000000.0 18.16989
2516000000.0 18.15104
2517000000.0 18.10233
2518000000.0 18.04612
2519000000.0 18.03672
2520000000.0 18.09171
2521000000.0 18.16672
2522000000.0 18.19836
2523000000.0 18.1791
2524000000.0 18.14037
2525000000.0 18.11858
2526000000.0 18.13351
2527000000.0 18.15861
2528000000.0 18.15534
2529000000.0 18.10619
2530000000.0 18.03234
2531000000.0 17.9948
2532000000.0 17.97967
2533000000.0 17.99439
2534000000.0 18.02451
2535000000.0 18.06455
2536000000.0 18.10282
2537000000.0 18.12979
2538000000.0 18.12039
2539000000.0 18.05082
2540000000.0 17.94336
2541000000.0 17.88278
2542000000.0 17.9046
2543000000.0 17.98787
2544000000.0 18.05791
2545000000.0 18.06386
2546000000.0 18.01664
2547000000.0 17.98188
2548000000.0 18.01416
2549000000.0 18.07506
2550000000.0 18.10716
2551000000.0 18.07455
2552000000.0 18.0114
2553000000.0 17.96293
2554000000.0 17.94625
2555000000.0 17.942
2556000000.0 17.9238
2557000000.0 17.89448
2558000000.0 17.862
2559000000.0 17.86103
2560000000.0 17.89528
2561000000.0 17.93265
2562000000.0 17.94173
2563000000.0 17.8941
2564000000.0 17.81044
2565000000.0 17.72518
2566000000.0 17.6923
2567000000.0 17.72163
2568000000.0 17.78072
2569000000.0 17.81315
2570000000.0 17.81317
2571000000.0 17.8107
2572000000.0 17.8105
2573000000.0 17.80592
2574000000.0 17.79535
2575000000.0 17.79904
2576000000.0 17.8075
2577000000.0 17.80583
2578000000.0 17.75033
2579000000.0 17.62414
2580000000.0 17.46704
2581000000.0 17.36941
2582000000.0 17.39347
2583000000.0 17.51323
2584000000.0 17.65112
2585000000.0 17.69427
2586000000.0 17.63971
2587000000.0 17.51087
2588000000.0 17.41141
2589000000.0 17.40032
2590000000.0 17.46864
2591000000.0 17.54564
2592000000.0 17.57593
2593000000.0 17.53187
2594000000.0 17.45484
2595000000.0 17.3895
2596000000.0 17.38428
2597000000.0 17.42283
2598000000.0 17.49834
2599000000.0 17.57013
2600000000.0 17.62657
2601000000.0 17.62118
2602000000.0 17.5402
2603000000.0 17.42679
2604000000.0 17.3507
2605000000.0 17.34865
2606000000.0 17.41732
2607000000.0 17.50523
2608000000.0 17.57687
2609000000.0 17.61778
2610000000.0 17.63326
2611000000.0 17.64488
2612000000.0 17.64423
2613000000.0 17.61873
2614000000.0 17.59642
2615000000.0 17.58466
2616000000.0 17.57021
2617000000.0 17.53226
2618000000.0 17.49144
2619000000.0 17.44169
2620000000.0 17.40183
2621000000.0 17.37646
2622000000.0 17.38197
2623000000.0 17.42633
2624000000.0 17.50033
2625000000.0 17.54134
2626000000.0 17.50095
2627000000.0 17.36004
2628000000.0 17.22122
2629000000.0 17.17224
2630000000.0 17.24497
2631000000.0 17.37537
2632000000.0 17.48098
2633000000.0 17.53127
2634000000.0 17.55576
2635000000.0 17.57475
2636000000.0 17.6098
2637000000.0 17.63994
2638000000.0 17.66758
2639000000.0 17.70312
2640000000.0 17.74091
2641000000.0 17.73482
2642000000.0 17.66233
2643000000.0 17.56509
2644000000.0 17.51831
2645000000.0 17.55438
2646000000.0 17.64769
2647000000.0 17.74194
2648000000.0 17.77363
2649000000.0 17.74417
2650000000.0 17.68111
2651000000.0 17.64244
2652000000.0 17.63213
2653000000.0 17.65547
2654000000.0 17.66167
2655000000.0 17.62675
2656000000.0 17.54978
2657000000.0 17.48094
2658000000.0 17.47552
2659000000.0 17.54661
2660000000.0 17.62369
2661000000.0 17.67432
2662000000.0 17.68443
2663000000.0 17.68156
2664000000.0 17.68438
2665000000.0 17.68729
2666000000.0 17.67953
2667000000.0 17.65455
2668000000.0 17.62997
2669000000.0 17.64625
2670000000.0 17.67924
2671000000.0 17.71184
2672000000.0 17.7223
2673000000.0 17.73503
2674000000.0 17.74798
2675000000.0 17.75157
2676000000.0 17.73227
2677000000.0 17.70075
2678000000.0 17.63858
2679000000.0 17.58817
2680000000.0 17.56221
2681000000.0 17.57973
2682000000.0 17.60188
2683000000.0 17.61723
2684000000.0 17.5952
2685000000.0 17.56621
2686000000.0 17.54
2687000000.0 17.5549
2688000000.0 17.56582
2689000000.0 17.54119
2690000000.0 17.45866
2691000000.0 17.37931
2692000000.0 17.35397
2693000000.0 17.3819
2694000000.0 17.42079
2695000000.0 17.4482
2696000000.0 17.45361
2697000000.0 17.47184
2698000000.0 17.50925
2699000000.0 17.55038
2700000000.0 17.55471
2701000000.0 17.52957
2702000000.0 17.50461
2703000000.0 17.47153
2704000000.0 17.41899
2705000000.0 17.35142
2706000000.0 17.31536
2707000000.0 17.33514
2708000000.0 17.38848
2709000000.0 17.43994
2710000000.0 17.45203
2711000000.0 17.41906
2712000000.0 17.38248
2713000000.0 17.36561
2714000000.0 17.35737
2715000000.0 17.35029
2716000000.0 17.3306
2717000000.0 17.30842
2718000000.0 17.25751
2719000000.0 17.20663
2720000000.0 17.18406
2721000000.0 17.21361
2722000000.0 17.28944
2723000000.0 17.37017
2724000000.0 17.41232
2725000000.0 17.40592
2726000000.0 17.36511
2727000000.0 17.31268
2728000000.0 17.25823
2729000000.0 17.20865
2730000000.0 17.18983
2731000000.0 17.22091
2732000000.0 17.29315
2733000000.0 17.34101
2734000000.0 17.33707
2735000000.0 17.30391
2736000000.0 17.28865
2737000000.0 17.31642
2738000000.0 17.35821
2739000000.0 17.35915
2740000000.0 17.29107
2741000000.0 17.17748
2742000000.0 17.09304
2743000000.0 17.05945
2744000000.0 17.08338
2745000000.0 17.11525
2746000000.0 17.16043
2747000000.0 17.2004
2748000000.0 17.23406
2749000000.0 17.26505
2750000000.0 17.26218
2751000000.0 17.21358
2752000000.0 17.13358
2753000000.0 17.08028
2754000000.0 17.08204
2755000000.0 17.13501
2756000000.0 17.20109
2757000000.0 17.23269
2758000000.0 17.23043
2759000000.0 17.21565
2760000000.0 17.23624
2761000000.0 17.27963
2762000000.0 17.32581
2763000000.0 17.33443
2764000000.0 17.30684
2765000000.0 17.24915
2766000000.0 17.17673
2767000000.0 17.09989
2768000000.0 17.04932
2769000000.0 17.0114
2770000000.0 17.03244
2771000000.0 17.08045
2772000000.0 17.13299
2773000000.0 17.1423
2774000000.0 17.09493
2775000000.0 17.00094
2776000000.0 16.90275
2777000000.0 16.85591
2778000000.0 16.8798
2779000000.0 16.93698
2780000000.0 16.96072
2781000000.0 16.90183
2782000000.0 16.79766
2783000000.0 16.72492
2784000000.0 16.73043
2785000000.0 16.81114
2786000000.0 16.92575
2787000000.0 17.00091
2788000000.0 17.00479
2789000000.0 16.94358
2790000000.0 16.85268
2791000000.0 16.74977
2792000000.0 16.69071
2793000000.0 16.69218
2794000000.0 16.76491
2795000000.0 16.85086
2796000000.0 16.90036
2797000000.0 16.8983
2798000000.0 16.87346
2799000000.0 16.85141
2800000000.0 16.85796
2801000000.0 16.86169
2802000000.0 16.82514
2803000000.0 16.75871
2804000000.0 16.67784
2805000000.0 16.60994
2806000000.0 16.55365
2807000000.0 16.53137
2808000000.0 16.54944
2809000000.0 16.59437
2810000000.0 16.64776
2811000000.0 16.69294
2812000000.0 16.7011
2813000000.0 16.6631
2814000000.0 16.58312
2815000000.0 16.51417
2816000000.0 16.47086
2817000000.0 16.46428
2818000000.0 16.47782
2819000000.0 16.50938
2820000000.0 16.55992
2821000000.0 16.61968
2822000000.0 16.70172
2823000000.0 16.73731
2824000000.0 16.72462
2825000000.0 16.69628
2826000000.0 16.69208
2827000000.0 16.72083
2828000000.0 16.75428
2829000000.0 16.73308
2830000000.0 16.64166
2831000000.0 16.53381
2832000000.0 16.49666
2833000000.0 16.54576
2834000000.0 16.65073
2835000000.0 16.73961
2836000000.0 16.78363
2837000000.0 16.77353
2838000000.0 16.71348
2839000000.0 16.64009
2840000000.0 16.58533
2841000000.0 16.54206
2842000000.0 16.52685
2843000000.0 16.53386
2844000000.0 16.55124
2845000000.0 16.56962
2846000000.0 16.59359
2847000000.0 16.62086
2848000000.0 16.64242
2849000000.0 16.65162
2850000000.0 16.66838
2851000000.0 16.70203
2852000000.0 16.72527
2853000000.0 16.70036
2854000000.0 16.62686
2855000000.0 16.56671
2856000000.0 16.55542
2857000000.0 16.59777
2858000000.0 16.66121
2859000000.0 16.69193
2860000000.0 16.70624
2861000000.0 16.72688
2862000000.0 16.74744
2863000000.0 16.7293
2864000000.0 16.64556
2865000000.0 16.54544
2866000000.0 16.4929
2867000000.0 16.51813
2868000000.0 16.58455
2869000000.0 16.63507
2870000000.0 16.64079
2871000000.0 16.61605
2872000000.0 16.60299
2873000000.0 16.6279
2874000000.0 16.66446
2875000000.0 16.70756
2876000000.0 16.75565
2877000000.0 16.77657
2878000000.0 16.73539
2879000000.0 16.64784
2880000000.0 16.5626
2881000000.0 16.51967
2882000000.0 16.54668
2883000000.0 16.61987
2884000000.0 16.70995
2885000000.0 16.76112
2886000000.0 16.74767
2887000000.0 16.70449
2888000000.0 16.6443
2889000000.0 16.61638
2890000000.0 16.61879
2891000000.0 16.62878
2892000000.0 16.61055
2893000000.0 16.5458
2894000000.0 16.47639
2895000000.0 16.44921
2896000000.0 16.46971
2897000000.0 16.51185
2898000000.0 16.55637
2899000000.0 16.58661
2900000000.0 16.59877
2901000000.0 16.57774
2902000000.0 16.50283
2903000000.0 16.38545
2904000000.0 16.26552
2905000000.0 16.21403
2906000000.0 16.2508
2907000000.0 16.34364
2908000000.0 16.4398
2909000000.0 16.49558
2910000000.0 16.50829
2911000000.0 16.50167
2912000000.0 16.50298
2913000000.0 16.53266
2914000000.0 16.55099
2915000000.0 16.5426
2916000000.0 16.51117
2917000000.0 16.48668
2918000000.0 16.48151
2919000000.0 16.49534
2920000000.0 16.51722
2921000000.0 16.51885
2922000000.0 16.51411
2923000000.0 16.53364
2924000000.0 16.55601
2925000000.0 16.5372
2926000000.0 16.42396
2927000000.0 16.26338
2928000000.0 16.1499
2929000000.0 16.12731
2930000000.0 16.17687
2931000000.0 16.24075
2932000000.0 16.24412
2933000000.0 16.2249
2934000000.0 16.23542
2935000000.0 16.30792
2936000000.0 16.38664
2937000000.0 16.42297
2938000000.0 16.40879
2939000000.0 16.38084
2940000000.0 16.37486
2941000000.0 16.38351
2942000000.0 16.38979
2943000000.0 16.36997
2944000000.0 16.33123
2945000000.0 16.30141
2946000000.0 16.31741
2947000000.0 16.37675
2948000000.0 16.46168
2949000000.0 16.54453
2950000000.0 16.55821
2951000000.0 16.51386
2952000000.0 16.45136
2953000000.0 16.44096
2954000000.0 16.46231
2955000000.0 16.49032
2956000000.0 16.48981
2957000000.0 16.4666
2958000000.0 16.45917
2959000000.0 16.49069
2960000000.0 16.53606
2961000000.0 16.5572
2962000000.0 16.54198
2963000000.0 16.50278
2964000000.0 16.45354
2965000000.0 16.38391
2966000000.0 16.28294
2967000000.0 16.18241
2968000000.0 16.12837
2969000000.0 16.14545
2970000000.0 16.21505
2971000000.0 16.29656
2972000000.0 16.34314
2973000000.0 16.3561
2974000000.0 16.37009
2975000000.0 16.40668
2976000000.0 16.4438
2977000000.0 16.4495
2978000000.0 16.40673
2979000000.0 16.34446
2980000000.0 16.30194
2981000000.0 16.30355
2982000000.0 16.35096
2983000000.0 16.40095
2984000000.0 16.42757
2985000000.0 16.41676
2986000000.0 16.40694
2987000000.0 16.38211
2988000000.0 16.34012
2989000000.0 16.28093
2990000000.0 16.21064
2991000000.0 16.14394
2992000000.0 16.10449
2993000000.0 16.07047
2994000000.0 16.05533
2995000000.0 16.04303
2996000000.0 16.06868
2997000000.0 16.12175
2998000000.0 16.18835
2999000000.0 16.21186
3000000000.0 16.17671
