400000000.0 -3.808712
401000000.0 -3.822273
402000000.0 -3.817422
403000000.0 -3.810024
404000000.0 -3.796428
405000000.0 -3.7945160000000002
406000000.0 -3.795375
407000000.0 -3.799357
408000000.0 -3.790742
409000000.0 -3.790746
410000000.0 -3.791665
411000000.0 -3.814306
412000000.0 -3.82611
413000000.0 -3.826686
414000000.0 -3.80371
415000000.0 -3.791496
416000000.0 -3.787822
417000000.0 -3.79922
418000000.0 -3.802631
419000000.0 -3.802625
420000000.0 -3.780447
421000000.0 -3.773781
422000000.0 -3.772641
423000000.0 -3.77989
424000000.0 -3.771354
425000000.0 -3.770287
426000000.0 -3.76975
427000000.0 -3.77929
428000000.0 -3.788477
429000000.0 -3.79796
430000000.0 -3.803247
431000000.0 -3.787672
432000000.0 -3.772602
433000000.0 -3.77237
434000000.0 -3.787036
435000000.0 -3.817259
436000000.0 -3.820786
437000000.0 -3.817743
438000000.0 -3.806135
439000000.0 -3.802489
440000000.0 -3.793982
441000000.0 -3.789036
442000000.0 -3.787676
443000000.0 -3.788222
444000000.0 -3.788758
445000000.0 -3.79523
446000000.0 -3.804758
447000000.0 -3.808223
448000000.0 -3.821064
449000000.0 -3.825998
450000000.0 -3.830583
451000000.0 -3.823665
452000000.0 -3.820431
453000000.0 -3.809144
454000000.0 -3.812912
455000000.0 -3.822051
456000000.0 -3.837267
457000000.0 -3.8561
458000000.0 -3.853559
459000000.0 -3.847584
460000000.0 -3.839303
461000000.0 -3.851914
462000000.0 -3.857521
463000000.0 -3.865922
464000000.0 -3.862513
465000000.0 -3.871608
466000000.0 -3.8809
467000000.0 -3.887379
468000000.0 -3.88688
469000000.0 -3.884271
470000000.0 -3.87627
471000000.0 -3.904272
472000000.0 -3.93976
473000000.0 -3.959502
474000000.0 -3.958675
475000000.0 -3.941741
476000000.0 -3.918269
477000000.0 -3.907403
478000000.0 -3.915805
479000000.0 -3.935253
480000000.0 -3.93963
481000000.0 -3.946064
482000000.0 -3.933778
483000000.0 -3.918651
484000000.0 -3.919878
485000000.0 -3.932025
486000000.0 -3.939454
487000000.0 -3.96125
488000000.0 -3.978302
489000000.0 -3.97626
490000000.0 -3.979972
491000000.0 -3.962319
492000000.0 -3.962827
493000000.0 -3.954036
494000000.0 -3.959094
495000000.0 -3.970957
496000000.0 -3.996523
497000000.0 -4.019135
498000000.0 -4.016781
499000000.0 -3.999772
500000000.0 -3.993269
501000000.0 -3.991909
502000000.0 -4.013108
503000000.0 -4.052516
504000000.0 -4.048542
505000000.0 -4.043927
506000000.0 -4.0317
507000000.0 -4.039367
508000000.0 -4.063566
509000000.0 -4.09559
510000000.0 -4.121313
511000000.0 -4.118189
512000000.0 -4.114566
513000000.0 -4.112098
514000000.0 -4.121416
515000000.0 -4.134093
516000000.0 -4.118057
517000000.0 -4.10012
518000000.0 -4.087934
519000000.0 -4.106961
520000000.0 -4.120964
521000000.0 -4.140823
522000000.0 -4.12829
523000000.0 -4.119632
524000000.0 -4.117477
525000000.0 -4.120292
526000000.0 -4.137634
527000000.0 -4.136344
528000000.0 -4.131247
529000000.0 -4.131737
530000000.0 -4.146936
531000000.0 -4.172786
532000000.0 -4.186546
533000000.0 -4.196531
534000000.0 -4.210273
535000000.0 -4.217946
536000000.0 -4.215272
537000000.0 -4.196776
538000000.0 -4.199624
539000000.0 -4.208066
540000000.0 -4.210079
541000000.0 -4.219816
542000000.0 -4.234167
543000000.0 -4.247195
544000000.0 -4.249528
545000000.0 -4.260226
546000000.0 -4.269435
547000000.0 -4.272914
548000000.0 -4.302957
549000000.0 -4.339336
550000000.0 -4.360062
551000000.0 -4.355411
552000000.0 -4.326212
553000000.0 -4.308362
554000000.0 -4.309515
555000000.0 -4.330717
556000000.0 -4.341458
557000000.0 -4.348513
558000000.0 -4.327929
559000000.0 -4.313237
560000000.0 -4.316093
561000000.0 -4.319982
562000000.0 -4.324784
563000000.0 -4.338834
564000000.0 -4.351248
565000000.0 -4.364546
566000000.0 -4.370818
567000000.0 -4.375496
568000000.0 -4.365913
569000000.0 -4.381488
570000000.0 -4.408859
571000000.0 -4.454933
572000000.0 -4.489879
573000000.0 -4.501266
574000000.0 -4.476205
575000000.0 -4.456678
576000000.0 -4.437263
577000000.0 -4.442492
578000000.0 -4.471194
579000000.0 -4.493787
580000000.0 -4.492918
581000000.0 -4.485568
582000000.0 -4.479879
583000000.0 -4.477389
584000000.0 -4.485188
585000000.0 -4.496552
586000000.0 -4.515038
587000000.0 -4.533669
588000000.0 -4.556964
589000000.0 -4.559746
590000000.0 -4.547469
591000000.0 -4.540498
592000000.0 -4.542419
593000000.0 -4.558882
594000000.0 -4.59237
595000000.0 -4.628795
596000000.0 -4.652708
597000000.0 -4.635385
598000000.0 -4.613116
599000000.0 -4.587779
600000000.0 -4.590667
601000000.0 -4.608787
602000000.0 -4.625982
603000000.0 -4.636493
604000000.0 -4.630065
605000000.0 -4.626742
606000000.0 -4.630522
607000000.0 -4.640347
608000000.0 -4.660213
609000000.0 -4.674406
610000000.0 -4.70734
611000000.0 -4.740191
612000000.0 -4.762053
613000000.0 -4.747767
614000000.0 -4.727474
615000000.0 -4.713361
616000000.0 -4.712671
617000000.0 -4.729568
618000000.0 -4.7371
619000000.0 -4.747502
620000000.0 -4.742095
621000000.0 -4.751786
622000000.0 -4.76173
623000000.0 -4.763378
624000000.0 -4.767251
625000000.0 -4.773295
626000000.0 -4.796056
627000000.0 -4.818513
628000000.0 -4.839107
629000000.0 -4.845641
630000000.0 -4.833177
631000000.0 -4.831685
632000000.0 -4.825605
633000000.0 -4.846468
634000000.0 -4.8835
635000000.0 -4.910951
636000000.0 -4.916556
637000000.0 -4.898361
638000000.0 -4.873494
639000000.0 -4.863226
640000000.0 -4.860687
641000000.0 -4.867367
642000000.0 -4.888508
643000000.0 -4.880008
644000000.0 -4.881069
645000000.0 -4.885136
646000000.0 -4.893874
647000000.0 -4.89684
648000000.0 -4.922517
649000000.0 -4.945197
650000000.0 -4.964564
651000000.0 -4.964335
652000000.0 -4.952948
653000000.0 -4.948441
654000000.0 -4.944292
655000000.0 -4.956346
656000000.0 -4.978487
657000000.0 -5.021402
658000000.0 -5.036607
659000000.0 -5.022838
660000000.0 -4.999532
661000000.0 -4.991282
662000000.0 -5.011415
663000000.0 -5.03948
664000000.0 -5.051047
665000000.0 -5.036172
666000000.0 -5.013282
667000000.0 -5.008805
668000000.0 -5.021804
669000000.0 -5.050267
670000000.0 -5.059716
671000000.0 -5.065478
672000000.0 -5.058555
673000000.0 -5.07335
674000000.0 -5.093883
675000000.0 -5.100263
676000000.0 -5.092996
677000000.0 -5.075641
678000000.0 -5.06673
679000000.0 -5.063864
680000000.0 -5.070536
681000000.0 -5.090201
682000000.0 -5.115343
683000000.0 -5.142959
684000000.0 -5.138037
685000000.0 -5.121847
686000000.0 -5.118248
687000000.0 -5.145685
688000000.0 -5.19013
689000000.0 -5.221043
690000000.0 -5.215218
691000000.0 -5.189013
692000000.0 -5.164927
693000000.0 -5.160181
694000000.0 -5.168891
695000000.0 -5.177553
696000000.0 -5.200302
697000000.0 -5.221579
698000000.0 -5.24287
699000000.0 -5.251432
700000000.0 -5.234602
701000000.0 -5.209851
702000000.0 -5.188852
703000000.0 -5.199841
704000000.0 -5.234916
705000000.0 -5.253154
706000000.0 -5.257078
707000000.0 -5.242567
708000000.0 -5.234654
709000000.0 -5.24491
710000000.0 -5.276726
711000000.0 -5.311851
712000000.0 -5.335241
713000000.0 -5.334935
714000000.0 -5.30834
715000000.0 -5.300612
716000000.0 -5.300235
717000000.0 -5.337205
718000000.0 -5.369263
719000000.0 -5.373163
720000000.0 -5.36166
721000000.0 -5.348305
722000000.0 -5.357554
723000000.0 -5.36967
724000000.0 -5.380241
725000000.0 -5.389901
726000000.0 -5.389195
727000000.0 -5.400833
728000000.0 -5.409901
729000000.0 -5.405622
730000000.0 -5.405413
731000000.0 -5.417503
732000000.0 -5.432616
733000000.0 -5.449695
734000000.0 -5.466891
735000000.0 -5.47584
736000000.0 -5.480488
737000000.0 -5.474595
738000000.0 -5.478323
739000000.0 -5.481879
740000000.0 -5.494834
741000000.0 -5.507123
742000000.0 -5.522733
743000000.0 -5.528818
744000000.0 -5.538241
745000000.0 -5.553043
746000000.0 -5.564437
747000000.0 -5.575937
748000000.0 -5.580562
749000000.0 -5.581602
750000000.0 -5.597646
751000000.0 -5.622408
752000000.0 -5.629095
753000000.0 -5.615474
754000000.0 -5.608442
755000000.0 -5.616825
756000000.0 -5.645272
757000000.0 -5.667668
758000000.0 -5.667026
759000000.0 -5.661017
760000000.0 -5.658189
761000000.0 -5.665183
762000000.0 -5.663145
763000000.0 -5.680332
764000000.0 -5.679901
765000000.0 -5.698092
766000000.0 -5.704049
767000000.0 -5.713654
768000000.0 -5.721304
769000000.0 -5.714048
770000000.0 -5.717456
771000000.0 -5.732083
772000000.0 -5.767755
773000000.0 -5.800784
774000000.0 -5.813018
775000000.0 -5.809859
776000000.0 -5.781178
777000000.0 -5.770453
778000000.0 -5.775839
779000000.0 -5.807712
780000000.0 -5.833517
781000000.0 -5.832869
782000000.0 -5.818007
783000000.0 -5.796812
784000000.0 -5.793964
785000000.0 -5.818823
786000000.0 -5.835405
787000000.0 -5.84398
788000000.0 -5.847296
789000000.0 -5.850045
790000000.0 -5.876289
791000000.0 -5.880101
792000000.0 -5.875278
793000000.0 -5.863453
794000000.0 -5.859969
795000000.0 -5.886648
796000000.0 -5.92909
797000000.0 -5.951138
798000000.0 -5.942496
799000000.0 -5.92658
800000000.0 -5.9165
801000000.0 -5.916167
802000000.0 -5.944779
803000000.0 -5.959294
804000000.0 -5.953059
805000000.0 -5.961686
806000000.0 -5.983434
807000000.0 -6.025061
808000000.0 -6.065351
809000000.0 -6.055147
810000000.0 -6.044301
811000000.0 -6.039431
812000000.0 -6.070685
813000000.0 -6.119616
814000000.0 -6.157728
815000000.0 -6.147416
816000000.0 -6.096355
817000000.0 -6.063635
818000000.0 -6.069994
819000000.0 -6.102864
820000000.0 -6.130675
821000000.0 -6.139437
822000000.0 -6.121986
823000000.0 -6.106012
824000000.0 -6.112013
825000000.0 -6.122764
826000000.0 -6.13545
827000000.0 -6.1399
828000000.0 -6.147138
829000000.0 -6.157833
830000000.0 -6.184321
831000000.0 -6.197549
832000000.0 -6.191363
833000000.0 -6.185749
834000000.0 -6.189476
835000000.0 -6.216611
836000000.0 -6.25319
837000000.0 -6.282475
838000000.0 -6.282512
839000000.0 -6.258149
840000000.0 -6.242168
841000000.0 -6.247813
842000000.0 -6.255895
843000000.0 -6.270527
844000000.0 -6.260087
845000000.0 -6.245761
846000000.0 -6.250971
847000000.0 -6.271832
848000000.0 -6.296532
849000000.0 -6.29443
850000000.0 -6.277406
851000000.0 -6.265304
852000000.0 -6.280269
853000000.0 -6.316172
854000000.0 -6.33306
855000000.0 -6.318099
856000000.0 -6.293734
857000000.0 -6.282493
858000000.0 -6.291887
859000000.0 -6.319159
860000000.0 -6.331159
861000000.0 -6.339918
862000000.0 -6.339379
863000000.0 -6.335907
864000000.0 -6.336586
865000000.0 -6.34516
866000000.0 -6.356261
867000000.0 -6.37458
868000000.0 -6.385334
869000000.0 -6.414956
870000000.0 -6.458643
871000000.0 -6.474046
872000000.0 -6.461537
873000000.0 -6.43648
874000000.0 -6.437293
875000000.0 -6.462618
876000000.0 -6.50319
877000000.0 -6.512103
878000000.0 -6.488098
879000000.0 -6.459194
880000000.0 -6.447533
881000000.0 -6.454797
882000000.0 -6.480123
883000000.0 -6.504894
884000000.0 -6.516827
885000000.0 -6.523453
886000000.0 -6.512157
887000000.0 -6.514457
888000000.0 -6.517203
889000000.0 -6.533356
890000000.0 -6.547426
891000000.0 -6.547403
892000000.0 -6.54366
893000000.0 -6.553539
894000000.0 -6.568382
895000000.0 -6.60059
896000000.0 -6.615415
897000000.0 -6.608047
898000000.0 -6.599807
899000000.0 -6.589851
900000000.0 -6.581366
901000000.0 -6.600634
902000000.0 -6.607241
903000000.0 -6.613416
904000000.0 -6.613009
905000000.0 -6.627233
906000000.0 -6.639332
907000000.0 -6.645475
908000000.0 -6.65809
909000000.0 -6.6824770000000004
910000000.0 -6.720198
911000000.0 -6.743066
912000000.0 -6.739117
913000000.0 -6.708555
914000000.0 -6.691484
915000000.0 -6.686502
916000000.0 -6.699066
917000000.0 -6.711781
918000000.0 -6.715614
919000000.0 -6.728131
920000000.0 -6.741259
921000000.0 -6.751648
922000000.0 -6.752824
923000000.0 -6.743645
924000000.0 -6.751545
925000000.0 -6.753457
926000000.0 -6.780591
927000000.0 -6.783714
928000000.0 -6.784763
929000000.0 -6.776411
930000000.0 -6.780968
931000000.0 -6.787772
932000000.0 -6.810126
933000000.0 -6.810228
934000000.0 -6.826702
935000000.0 -6.848894
936000000.0 -6.866235
937000000.0 -6.872981
938000000.0 -6.850028
939000000.0 -6.847127
940000000.0 -6.861165
941000000.0 -6.845058
942000000.0 -6.856634
943000000.0 -6.866908
944000000.0 -6.876966
945000000.0 -6.884638
946000000.0 -6.886572
947000000.0 -6.901418
948000000.0 -6.909376
949000000.0 -6.916198
950000000.0 -6.9235
951000000.0 -6.917958
952000000.0 -6.920445
953000000.0 -6.921781
954000000.0 -6.928141
955000000.0 -6.938372
956000000.0 -6.954428
957000000.0 -6.975911
958000000.0 -6.995678
959000000.0 -7.003301
960000000.0 -6.990374
961000000.0 -6.991956
962000000.0 -7.003599
963000000.0 -6.995127
964000000.0 -7.00481
965000000.0 -7.00422
966000000.0 -7.00164
967000000.0 -7.004661
968000000.0 -7.012325
969000000.0 -7.031609
970000000.0 -7.033727
971000000.0 -7.063557
972000000.0 -7.063799
973000000.0 -7.085964
974000000.0 -7.084257
975000000.0 -7.078664
976000000.0 -7.075483
977000000.0 -7.063124
978000000.0 -7.072554
979000000.0 -7.077359
980000000.0 -7.084344
981000000.0 -7.089564
982000000.0 -7.10913
983000000.0 -7.117137
984000000.0 -7.128145
985000000.0 -7.130653
986000000.0 -7.142913
987000000.0 -7.152524
988000000.0 -7.160934
989000000.0 -7.162708
990000000.0 -7.176044
991000000.0 -7.191736
992000000.0 -7.219434
993000000.0 -7.23189
994000000.0 -7.223411
995000000.0 -7.216444
996000000.0 -7.229402
997000000.0 -7.260832
998000000.0 -7.288953
999000000.0 -7.300029
1000000000.0 -7.281737
1001000000.0 -7.269906
1002000000.0 -7.255845
1003000000.0 -7.26526
1004000000.0 -7.271678
1005000000.0 -7.286927
1006000000.0 -7.287467
1007000000.0 -7.295235
1008000000.0 -7.295106
1009000000.0 -7.315469
1010000000.0 -7.327215
1011000000.0 -7.334993
1012000000.0 -7.339835
1013000000.0 -7.335965
1014000000.0 -7.326121
1015000000.0 -7.334157
1016000000.0 -7.339827
1017000000.0 -7.345014
1018000000.0 -7.34642
1019000000.0 -7.351942
1020000000.0 -7.360539
1021000000.0 -7.38405
1022000000.0 -7.379765
1023000000.0 -7.379236
1024000000.0 -7.384832
1025000000.0 -7.38843
1026000000.0 -7.402555
1027000000.0 -7.401211
1028000000.0 -7.407167
1029000000.0 -7.416838
1030000000.0 -7.440519
1031000000.0 -7.456738
1032000000.0 -7.481461
1033000000.0 -7.506789
1034000000.0 -7.513734
1035000000.0 -7.509921
1036000000.0 -7.485611
1037000000.0 -7.488141
1038000000.0 -7.487277
1039000000.0 -7.503729
1040000000.0 -7.516408
1041000000.0 -7.534409
1042000000.0 -7.533527
1043000000.0 -7.528834
1044000000.0 -7.530097
1045000000.0 -7.54409
1046000000.0 -7.547846
1047000000.0 -7.547038
1048000000.0 -7.559062
1049000000.0 -7.55759
1050000000.0 -7.5572
1051000000.0 -7.558845
1052000000.0 -7.556351
1053000000.0 -7.54741
1054000000.0 -7.560319
1055000000.0 -7.578775
1056000000.0 -7.592167
1057000000.0 -7.600578
1058000000.0 -7.604435
1059000000.0 -7.603343
1060000000.0 -7.611339
1061000000.0 -7.607346
1062000000.0 -7.616676
1063000000.0 -7.623554
1064000000.0 -7.628655
1065000000.0 -7.625597
1066000000.0 -7.639345
1067000000.0 -7.64811
1068000000.0 -7.657186
1069000000.0 -7.685853
1070000000.0 -7.686032
1071000000.0 -7.692412
1072000000.0 -7.709898
1073000000.0 -7.732858
1074000000.0 -7.73201
1075000000.0 -7.723264
1076000000.0 -7.718599
1077000000.0 -7.708092
1078000000.0 -7.712743
1079000000.0 -7.722575
1080000000.0 -7.753055
1081000000.0 -7.761454
1082000000.0 -7.762222
1083000000.0 -7.765368
1084000000.0 -7.769884
1085000000.0 -7.780367
1086000000.0 -7.77735
1087000000.0 -7.786645
1088000000.0 -7.79696
1089000000.0 -7.801198
1090000000.0 -7.807494
1091000000.0 -7.818614
1092000000.0 -7.815507
1093000000.0 -7.825147
1094000000.0 -7.831203
1095000000.0 -7.8381
1096000000.0 -7.850962
1097000000.0 -7.882617
1098000000.0 -7.891658
1099000000.0 -7.88454
1100000000.0 -7.881359
1101000000.0 -7.862918
1102000000.0 -7.866498
1103000000.0 -7.885252
1104000000.0 -7.890602
1105000000.0 -7.905904
1106000000.0 -7.899229
1107000000.0 -7.902726
1108000000.0 -7.902295
1109000000.0 -7.923945
1110000000.0 -7.923973
1111000000.0 -7.944029
1112000000.0 -7.961028
1113000000.0 -7.959607
1114000000.0 -7.954664
1115000000.0 -7.951616
1116000000.0 -7.948328
1117000000.0 -7.962911
1118000000.0 -7.986744
1119000000.0 -7.990416
1120000000.0 -8.005731
1121000000.0 -8.019821
1122000000.0 -8.0317
1123000000.0 -8.043158
1124000000.0 -8.034639
1125000000.0 -8.031752
1126000000.0 -8.051227
1127000000.0 -8.07674
1128000000.0 -8.0734
1129000000.0 -8.084477
1130000000.0 -8.092861
1131000000.0 -8.10585
1132000000.0 -8.11911
1133000000.0 -8.125566
1134000000.0 -8.127069
1135000000.0 -8.121358
1136000000.0 -8.133729
1137000000.0 -8.163493
1138000000.0 -8.180713
1139000000.0 -8.19348
1140000000.0 -8.190176
1141000000.0 -8.178572
1142000000.0 -8.18672
1143000000.0 -8.194301
1144000000.0 -8.193652
1145000000.0 -8.193634
1146000000.0 -8.196342
1147000000.0 -8.201642
1148000000.0 -8.20568
1149000000.0 -8.207031
1150000000.0 -8.22344
1151000000.0 -8.242622
1152000000.0 -8.263188
1153000000.0 -8.272079
1154000000.0 -8.262029
1155000000.0 -8.256435
1156000000.0 -8.252546
1157000000.0 -8.254913
1158000000.0 -8.268734
1159000000.0 -8.288439
1160000000.0 -8.303366
1161000000.0 -8.311992
1162000000.0 -8.309454
1163000000.0 -8.310894
1164000000.0 -8.321718
1165000000.0 -8.336365
1166000000.0 -8.354131
1167000000.0 -8.360911
1168000000.0 -8.36685
1169000000.0 -8.385764
1170000000.0 -8.413548
1171000000.0 -8.420892
1172000000.0 -8.418803
1173000000.0 -8.409815
1174000000.0 -8.403003
1175000000.0 -8.400737
1176000000.0 -8.420416
1177000000.0 -8.434272
1178000000.0 -8.440295
1179000000.0 -8.441466
1180000000.0 -8.440696
1181000000.0 -8.442693
1182000000.0 -8.46742
1183000000.0 -8.464213
1184000000.0 -8.472429
1185000000.0 -8.485274
1186000000.0 -8.488147
1187000000.0 -8.497229
1188000000.0 -8.50442
1189000000.0 -8.509145
1190000000.0 -8.508004
1191000000.0 -8.516641
1192000000.0 -8.549273
1193000000.0 -8.61363
1194000000.0 -8.664865
1195000000.0 -8.682374
1196000000.0 -8.649543
1197000000.0 -8.605247
1198000000.0 -8.589927
1199000000.0 -8.609144
1200000000.0 -8.641925
1201000000.0 -8.654368
1202000000.0 -8.629711
1203000000.0 -8.604558
1204000000.0 -8.600364
1205000000.0 -8.613498
1206000000.0 -8.611029
1207000000.0 -8.613188
1208000000.0 -8.596074
1209000000.0 -8.596611
1210000000.0 -8.61031
1211000000.0 -8.628674
1212000000.0 -8.630707
1213000000.0 -8.621435
1214000000.0 -8.626494
1215000000.0 -8.62335
1216000000.0 -8.633616
1217000000.0 -8.657707
1218000000.0 -8.689644
1219000000.0 -8.688174
1220000000.0 -8.68079
1221000000.0 -8.672889
1222000000.0 -8.661608
1223000000.0 -8.665707
1224000000.0 -8.662951
1225000000.0 -8.680625
1226000000.0 -8.680186
1227000000.0 -8.699696
1228000000.0 -8.716615
1229000000.0 -8.731703
1230000000.0 -8.73998
1231000000.0 -8.743178
1232000000.0 -8.76941
1233000000.0 -8.815284
1234000000.0 -8.846644
1235000000.0 -8.862011
1236000000.0 -8.846062
1237000000.0 -8.833735
1238000000.0 -8.810205
1239000000.0 -8.821112
1240000000.0 -8.850858
1241000000.0 -8.856306
1242000000.0 -8.844232
1243000000.0 -8.833085
1244000000.0 -8.820285
1245000000.0 -8.821472
1246000000.0 -8.82294
1247000000.0 -8.830315
1248000000.0 -8.830088
1249000000.0 -8.840853
1250000000.0 -8.851857
1251000000.0 -8.856517
1252000000.0 -8.858688
1253000000.0 -8.852403
1254000000.0 -8.861875
1255000000.0 -8.854262
1256000000.0 -8.868711
1257000000.0 -8.874163
1258000000.0 -8.876494
1259000000.0 -8.869371
1260000000.0 -8.863173
1261000000.0 -8.859291
1262000000.0 -8.866982
1263000000.0 -8.878622
1264000000.0 -8.896617
1265000000.0 -8.917948
1266000000.0 -8.949667
1267000000.0 -8.969734
1268000000.0 -8.967134
1269000000.0 -8.955976
1270000000.0 -8.958338
1271000000.0 -8.984466
1272000000.0 -9.015777
1273000000.0 -9.03667
1274000000.0 -9.052138
1275000000.0 -9.03805
1276000000.0 -9.011044
1277000000.0 -9.002512
1278000000.0 -9.00465
1279000000.0 -9.01454
1280000000.0 -9.035842
1281000000.0 -9.046902
1282000000.0 -9.05428
1283000000.0 -9.046768
1284000000.0 -9.044003
1285000000.0 -9.053186
1286000000.0 -9.052708
1287000000.0 -9.055002
1288000000.0 -9.063281
1289000000.0 -9.089151
1290000000.0 -9.120581
1291000000.0 -9.131593
1292000000.0 -9.129322
1293000000.0 -9.113214
1294000000.0 -9.095012
1295000000.0 -9.102117
1296000000.0 -9.134929
1297000000.0 -9.150709
1298000000.0 -9.145573
1299000000.0 -9.120733
1300000000.0 -9.122689
1301000000.0 -9.107513
1302000000.0 -9.118945
1303000000.0 -9.129014
1304000000.0 -9.136268
1305000000.0 -9.150483
1306000000.0 -9.167589
1307000000.0 -9.195082
1308000000.0 -9.213232
1309000000.0 -9.202396
1310000000.0 -9.196991
1311000000.0 -9.207731
1312000000.0 -9.231241
1313000000.0 -9.265224
1314000000.0 -9.293355
1315000000.0 -9.293321
1316000000.0 -9.291836
1317000000.0 -9.26312
1318000000.0 -9.257794
1319000000.0 -9.255152
1320000000.0 -9.27369
1321000000.0 -9.278046
1322000000.0 -9.276927
1323000000.0 -9.257976
1324000000.0 -9.259362
1325000000.0 -9.246867
1326000000.0 -9.237753
1327000000.0 -9.261875
1328000000.0 -9.260184
1329000000.0 -9.267208
1330000000.0 -9.276093
1331000000.0 -9.286867
1332000000.0 -9.289617
1333000000.0 -9.295809
1334000000.0 -9.298903
1335000000.0 -9.299769
1336000000.0 -9.316699
1337000000.0 -9.323788
1338000000.0 -9.33245
1339000000.0 -9.335084
1340000000.0 -9.334419
1341000000.0 -9.340662
1342000000.0 -9.340472
1343000000.0 -9.342124
1344000000.0 -9.3423
1345000000.0 -9.356628
1346000000.0 -9.364833
1347000000.0 -9.372882
1348000000.0 -9.377517
1349000000.0 -9.389071
1350000000.0 -9.388137
1351000000.0 -9.397986
1352000000.0 -9.413768
1353000000.0 -9.420518
1354000000.0 -9.440433
1355000000.0 -9.441788
1356000000.0 -9.45048
1357000000.0 -9.441546
1358000000.0 -9.433716
1359000000.0 -9.437227
1360000000.0 -9.446213
1361000000.0 -9.454306
1362000000.0 -9.468155
1363000000.0 -9.473423
1364000000.0 -9.475922
1365000000.0 -9.488092
1366000000.0 -9.497952
1367000000.0 -9.51124
1368000000.0 -9.520346
1369000000.0 -9.528639
1370000000.0 -9.540595
1371000000.0 -9.560143
1372000000.0 -9.590034
1373000000.0 -9.605006
1374000000.0 -9.601234
1375000000.0 -9.592051
1376000000.0 -9.572412
1377000000.0 -9.570849
1378000000.0 -9.586303
1379000000.0 -9.597485
1380000000.0 -9.589089
1381000000.0 -9.588088
1382000000.0 -9.573099
1383000000.0 -9.575596
1384000000.0 -9.590978
1385000000.0 -9.602861
1386000000.0 -9.623984
1387000000.0 -9.637567
1388000000.0 -9.638605
1389000000.0 -9.62508
1390000000.0 -9.617745
1391000000.0 -9.618656
1392000000.0 -9.624791
1393000000.0 -9.622108
1394000000.0 -9.645281
1395000000.0 -9.661875
1396000000.0 -9.675025
1397000000.0 -9.685845
1398000000.0 -9.682987
1399000000.0 -9.668267
1400000000.0 -9.666981
1401000000.0 -9.674058
1402000000.0 -9.691154
1403000000.0 -9.691931
1404000000.0 -9.710477
1405000000.0 -9.703878
1406000000.0 -9.697038
1407000000.0 -9.711891
1408000000.0 -9.705155
1409000000.0 -9.705706
1410000000.0 -9.718488
1411000000.0 -9.726441
1412000000.0 -9.753084
1413000000.0 -9.771997
1414000000.0 -9.77869
1415000000.0 -9.770334
1416000000.0 -9.758774
1417000000.0 -9.754765
1418000000.0 -9.777975
1419000000.0 -9.810501
1420000000.0 -9.855537
1421000000.0 -9.8864
1422000000.0 -9.864656
1423000000.0 -9.84584
1424000000.0 -9.831764
1425000000.0 -9.84384
1426000000.0 -9.868151
1427000000.0 -9.886178
1428000000.0 -9.884117
1429000000.0 -9.882284
1430000000.0 -9.882278
1431000000.0 -9.894691
1432000000.0 -9.888432
1433000000.0 -9.880138
1434000000.0 -9.892587
1435000000.0 -9.924188
1436000000.0 -9.959794
1437000000.0 -9.992269
1438000000.0 -9.97815
1439000000.0 -9.953064
1440000000.0 -9.916824
1441000000.0 -9.909394
1442000000.0 -9.91323
1443000000.0 -9.9127
1444000000.0 -9.92872
1445000000.0 -9.920049
1446000000.0 -9.927916
1447000000.0 -9.924125
1448000000.0 -9.932807
1449000000.0 -9.92884
1450000000.0 -9.934568
1451000000.0 -9.950983
1452000000.0 -9.97383
1453000000.0 -9.98638
1454000000.0 -10.00028
1455000000.0 -9.998775
1456000000.0 -9.991432
1457000000.0 -9.99214
1458000000.0 -9.995335
1459000000.0 -10.00866
1460000000.0 -10.02683
1461000000.0 -10.04672
1462000000.0 -10.04939
1463000000.0 -10.05776
1464000000.0 -10.05873
1465000000.0 -10.07021
1466000000.0 -10.09014
1467000000.0 -10.11528
1468000000.0 -10.13052
1469000000.0 -10.14364
1470000000.0 -10.14862
1471000000.0 -10.13712
1472000000.0 -10.13425
1473000000.0 -10.12937
1474000000.0 -10.13468
1475000000.0 -10.13716
1476000000.0 -10.16316
1477000000.0 -10.16627
1478000000.0 -10.15876
1479000000.0 -10.15771
1480000000.0 -10.15591
1481000000.0 -10.15896
1482000000.0 -10.17043
1483000000.0 -10.17101
1484000000.0 -10.16454
1485000000.0 -10.16869
1486000000.0 -10.17386
1487000000.0 -10.17733
1488000000.0 -10.17945
1489000000.0 -10.18959
1490000000.0 -10.20279
1491000000.0 -10.23385
1492000000.0 -10.26109
1493000000.0 -10.28162
1494000000.0 -10.27092
1495000000.0 -10.25823
1496000000.0 -10.23775
1497000000.0 -10.23316
1498000000.0 -10.23726
1499000000.0 -10.23254
1500000000.0 -10.24852
1501000000.0 -10.24752
1502000000.0 -10.24114
1503000000.0 -10.24643
1504000000.0 -10.25273
1505000000.0 -10.26621
1506000000.0 -10.29092
1507000000.0 -10.31647
1508000000.0 -10.34512
1509000000.0 -10.35355
1510000000.0 -10.33749
1511000000.0 -10.32108
1512000000.0 -10.31849
1513000000.0 -10.33989
1514000000.0 -10.35359
1515000000.0 -10.38524
1516000000.0 -10.41415
1517000000.0 -10.42649
1518000000.0 -10.44283
1519000000.0 -10.42613
1520000000.0 -10.41676
1521000000.0 -10.41594
1522000000.0 -10.44194
1523000000.0 -10.45355
1524000000.0 -10.45006
1525000000.0 -10.44413
1526000000.0 -10.43975
1527000000.0 -10.44328
1528000000.0 -10.45617
1529000000.0 -10.46167
1530000000.0 -10.48049
1531000000.0 -10.49169
1532000000.0 -10.49743
1533000000.0 -10.49463
1534000000.0 -10.47201
1535000000.0 -10.46742
1536000000.0 -10.47906
1537000000.0 -10.4933
1538000000.0 -10.4977
1539000000.0 -10.49546
1540000000.0 -10.5018
1541000000.0 -10.51485
1542000000.0 -10.5155
1543000000.0 -10.51686
1544000000.0 -10.52298
1545000000.0 -10.5238
1546000000.0 -10.52153
1547000000.0 -10.53752
1548000000.0 -10.54074
1549000000.0 -10.53269
1550000000.0 -10.54332
1551000000.0 -10.5505
1552000000.0 -10.56215
1553000000.0 -10.56773
1554000000.0 -10.57661
1555000000.0 -10.58393
1556000000.0 -10.59561
1557000000.0 -10.59076
1558000000.0 -10.59357
1559000000.0 -10.59379
1560000000.0 -10.60148
1561000000.0 -10.58799
1562000000.0 -10.58903
1563000000.0 -10.59265
1564000000.0 -10.5941
1565000000.0 -10.60235
1566000000.0 -10.62077
1567000000.0 -10.63665
1568000000.0 -10.64844
1569000000.0 -10.67061
1570000000.0 -10.69229
1571000000.0 -10.69662
1572000000.0 -10.7029
1573000000.0 -10.71187
1574000000.0 -10.74177
1575000000.0 -10.77404
1576000000.0 -10.78694
1577000000.0 -10.7911
1578000000.0 -10.76284
1579000000.0 -10.74923
1580000000.0 -10.75875
1581000000.0 -10.77867
1582000000.0 -10.78858
1583000000.0 -10.7852
1584000000.0 -10.7633
1585000000.0 -10.76062
1586000000.0 -10.76528
1587000000.0 -10.76709
1588000000.0 -10.77783
1589000000.0 -10.79469
1590000000.0 -10.81795
1591000000.0 -10.82817
1592000000.0 -10.83132
1593000000.0 -10.81031
1594000000.0 -10.78652
1595000000.0 -10.78802
1596000000.0 -10.77327
1597000000.0 -10.78382
1598000000.0 -10.79336
1599000000.0 -10.79332
1600000000.0 -10.79072
1601000000.0 -10.80336
1602000000.0 -10.7969
1603000000.0 -10.79739
1604000000.0 -10.80559
1605000000.0 -10.81956
1606000000.0 -10.82394
1607000000.0 -10.83942
1608000000.0 -10.85128
1609000000.0 -10.87073
1610000000.0 -10.88911
1611000000.0 -10.88453
1612000000.0 -10.8933
1613000000.0 -10.91175
1614000000.0 -10.93577
1615000000.0 -10.96557
1616000000.0 -10.95808
1617000000.0 -10.95044
1618000000.0 -10.91972
1619000000.0 -10.90612
1620000000.0 -10.90651
1621000000.0 -10.9141
1622000000.0 -10.91617
1623000000.0 -10.91693
1624000000.0 -10.92164
1625000000.0 -10.9351
1626000000.0 -10.93486
1627000000.0 -10.9529
1628000000.0 -10.96404
1629000000.0 -10.98469
1630000000.0 -11.00073
1631000000.0 -11.01597
1632000000.0 -11.0156
1633000000.0 -11.01088
1634000000.0 -11.00155
1635000000.0 -10.99655
1636000000.0 -11.00663
1637000000.0 -11.03805
1638000000.0 -11.04647
1639000000.0 -11.04365
1640000000.0 -11.03823
1641000000.0 -11.04629
1642000000.0 -11.05226
1643000000.0 -11.06921
1644000000.0 -11.07624
1645000000.0 -11.09595
1646000000.0 -11.11207
1647000000.0 -11.12789
1648000000.0 -11.13818
1649000000.0 -11.13478
1650000000.0 -11.13477
1651000000.0 -11.139
1652000000.0 -11.15088
1653000000.0 -11.17988
1654000000.0 -11.18297
1655000000.0 -11.17262
1656000000.0 -11.15095
1657000000.0 -11.12596
1658000000.0 -11.10207
1659000000.0 -11.10392
1660000000.0 -11.114
1661000000.0 -11.11863
1662000000.0 -11.10561
1663000000.0 -11.10718
1664000000.0 -11.11196
1665000000.0 -11.12296
1666000000.0 -11.13235
1667000000.0 -11.15466
1668000000.0 -11.17834
1669000000.0 -11.20513
1670000000.0 -11.23103
1671000000.0 -11.24641
1672000000.0 -11.24922
1673000000.0 -11.23715
1674000000.0 -11.23739
1675000000.0 -11.24343
1676000000.0 -11.26535
1677000000.0 -11.28468
1678000000.0 -11.28657
1679000000.0 -11.26468
1680000000.0 -11.2288
1681000000.0 -11.225
1682000000.0 -11.22911
1683000000.0 -11.22945
1684000000.0 -11.23708
1685000000.0 -11.24303
1686000000.0 -11.25174
1687000000.0 -11.26946
1688000000.0 -11.28999
1689000000.0 -11.28743
1690000000.0 -11.27998
1691000000.0 -11.27107
1692000000.0 -11.28784
1693000000.0 -11.31861
1694000000.0 -11.33602
1695000000.0 -11.33654
1696000000.0 -11.31204
1697000000.0 -11.30114
1698000000.0 -11.28081
1699000000.0 -11.29035
1700000000.0 -11.27745
1701000000.0 -11.28666
1702000000.0 -11.27978
1703000000.0 -11.28726
1704000000.0 -11.3029
1705000000.0 -11.31829
1706000000.0 -11.31907
1707000000.0 -11.32852
1708000000.0 -11.33132
1709000000.0 -11.34714
1710000000.0 -11.37593
1711000000.0 -11.38097
1712000000.0 -11.3726
1713000000.0 -11.37015
1714000000.0 -11.36486
1715000000.0 -11.37418
1716000000.0 -11.40263
1717000000.0 -11.40483
1718000000.0 -11.40084
1719000000.0 -11.40065
1720000000.0 -11.39931
1721000000.0 -11.39894
1722000000.0 -11.40857
1723000000.0 -11.40975
1724000000.0 -11.41021
1725000000.0 -11.41864
1726000000.0 -11.41893
1727000000.0 -11.427
1728000000.0 -11.43224
1729000000.0 -11.45031
1730000000.0 -11.46489
1731000000.0 -11.46352
1732000000.0 -11.46255
1733000000.0 -11.46327
1734000000.0 -11.47694
1735000000.0 -11.49084
1736000000.0 -11.50373
1737000000.0 -11.49295
1738000000.0 -11.50225
1739000000.0 -11.51648
1740000000.0 -11.52185
1741000000.0 -11.53586
1742000000.0 -11.5324
1743000000.0 -11.53107
1744000000.0 -11.54909
1745000000.0 -11.56424
1746000000.0 -11.57605
1747000000.0 -11.58346
1748000000.0 -11.58805
1749000000.0 -11.57801
1750000000.0 -11.58922
1751000000.0 -11.57659
1752000000.0 -11.56771
1753000000.0 -11.5692
1754000000.0 -11.57183
1755000000.0 -11.57123
1756000000.0 -11.57735
1757000000.0 -11.57889
1758000000.0 -11.58535
1759000000.0 -11.58738
1760000000.0 -11.60832
1761000000.0 -11.61797
1762000000.0 -11.61387
1763000000.0 -11.63518
1764000000.0 -11.64566
1765000000.0 -11.65719
1766000000.0 -11.67274
1767000000.0 -11.67027
1768000000.0 -11.65982
1769000000.0 -11.64948
1770000000.0 -11.65621
1771000000.0 -11.65931
1772000000.0 -11.66486
1773000000.0 -11.67149
1774000000.0 -11.69143
1775000000.0 -11.69969
1776000000.0 -11.71819
1777000000.0 -11.74479
1778000000.0 -11.76613
1779000000.0 -11.77268
1780000000.0 -11.77328
1781000000.0 -11.77226
1782000000.0 -11.76959
1783000000.0 -11.77447
1784000000.0 -11.77618
1785000000.0 -11.772
1786000000.0 -11.78295
1787000000.0 -11.78595
1788000000.0 -11.79745
1789000000.0 -11.8013
1790000000.0 -11.79889
1791000000.0 -11.80719
1792000000.0 -11.81118
1793000000.0 -11.8075
1794000000.0 -11.78849
1795000000.0 -11.78252
1796000000.0 -11.7763
1797000000.0 -11.78581
1798000000.0 -11.77793
1799000000.0 -11.79589
1800000000.0 -11.80341
1801000000.0 -11.79724
1802000000.0 -11.80336
1803000000.0 -11.81243
1804000000.0 -11.81063
1805000000.0 -11.82775
1806000000.0 -11.84344
1807000000.0 -11.85853
1808000000.0 -11.85606
1809000000.0 -11.85735
1810000000.0 -11.86902
1811000000.0 -11.88234
1812000000.0 -11.89858
1813000000.0 -11.90411
1814000000.0 -11.91372
1815000000.0 -11.9246
1816000000.0 -11.94472
1817000000.0 -11.96013
1818000000.0 -11.97663
1819000000.0 -11.97456
1820000000.0 -11.95506
1821000000.0 -11.95181
1822000000.0 -11.96654
1823000000.0 -11.97342
1824000000.0 -11.97868
1825000000.0 -11.97389
1826000000.0 -11.98451
1827000000.0 -11.98622
1828000000.0 -11.98264
1829000000.0 -11.98514
1830000000.0 -11.99422
1831000000.0 -11.99481
1832000000.0 -12.02253
1833000000.0 -12.02022
1834000000.0 -12.02345
1835000000.0 -12.02051
1836000000.0 -12.00282
1837000000.0 -12.00106
1838000000.0 -12.01608
1839000000.0 -12.03305
1840000000.0 -12.03037
1841000000.0 -12.04306
1842000000.0 -12.02879
1843000000.0 -12.03435
1844000000.0 -12.03007
1845000000.0 -12.02192
1846000000.0 -12.04632
1847000000.0 -12.05872
1848000000.0 -12.05907
1849000000.0 -12.064
1850000000.0 -12.08235
1851000000.0 -12.08289
1852000000.0 -12.09219
1853000000.0 -12.0979
1854000000.0 -12.11315
1855000000.0 -12.12825
1856000000.0 -12.14948
1857000000.0 -12.1599
1858000000.0 -12.14814
1859000000.0 -12.14157
1860000000.0 -12.12753
1861000000.0 -12.12732
1862000000.0 -12.1426
1863000000.0 -12.1449
1864000000.0 -12.13436
1865000000.0 -12.15111
1866000000.0 -12.16469
1867000000.0 -12.15728
1868000000.0 -12.16488
1869000000.0 -12.17445
1870000000.0 -12.18065
1871000000.0 -12.17976
1872000000.0 -12.18771
1873000000.0 -12.20575
1874000000.0 -12.22744
1875000000.0 -12.24963
1876000000.0 -12.25012
1877000000.0 -12.25538
1878000000.0 -12.23831
1879000000.0 -12.24896
1880000000.0 -12.27827
1881000000.0 -12.28738
1882000000.0 -12.30125
1883000000.0 -12.29573
1884000000.0 -12.27475
1885000000.0 -12.27613
1886000000.0 -12.2695
1887000000.0 -12.28053
1888000000.0 -12.28462
1889000000.0 -12.27857
1890000000.0 -12.29549
1891000000.0 -12.30039
1892000000.0 -12.29889
1893000000.0 -12.28412
1894000000.0 -12.29777
1895000000.0 -12.31204
1896000000.0 -12.33316
1897000000.0 -12.32912
1898000000.0 -12.31388
1899000000.0 -12.30509
1900000000.0 -12.30629
1901000000.0 -12.31185
1902000000.0 -12.32107
1903000000.0 -12.3149
1904000000.0 -12.31801
1905000000.0 -12.31421
1906000000.0 -12.32658
1907000000.0 -12.33266
1908000000.0 -12.31859
1909000000.0 -12.34216
1910000000.0 -12.33981
1911000000.0 -12.35123
1912000000.0 -12.35236
1913000000.0 -12.36695
1914000000.0 -12.37222
1915000000.0 -12.38548
1916000000.0 -12.4103
1917000000.0 -12.43468
1918000000.0 -12.43171
1919000000.0 -12.42662
1920000000.0 -12.41331
1921000000.0 -12.42022
1922000000.0 -12.42543
1923000000.0 -12.44736
1924000000.0 -12.46407
1925000000.0 -12.45837
1926000000.0 -12.45487
1927000000.0 -12.45591
1928000000.0 -12.44745
1929000000.0 -12.44744
1930000000.0 -12.44472
1931000000.0 -12.44874
1932000000.0 -12.46322
1933000000.0 -12.47112
1934000000.0 -12.48125
1935000000.0 -12.47759
1936000000.0 -12.47922
1937000000.0 -12.47987
1938000000.0 -12.47429
1939000000.0 -12.47347
1940000000.0 -12.4813
1941000000.0 -12.48567
1942000000.0 -12.47245
1943000000.0 -12.47821
1944000000.0 -12.48901
1945000000.0 -12.49287
1946000000.0 -12.50847
1947000000.0 -12.52339
1948000000.0 -12.52353
1949000000.0 -12.53522
1950000000.0 -12.5451
1951000000.0 -12.54065
1952000000.0 -12.55139
1953000000.0 -12.54743
1954000000.0 -12.57975
1955000000.0 -12.59925
1956000000.0 -12.60652
1957000000.0 -12.60925
1958000000.0 -12.61974
1959000000.0 -12.62323
1960000000.0 -12.62466
1961000000.0 -12.63266
1962000000.0 -12.62159
1963000000.0 -12.62502
1964000000.0 -12.62474
1965000000.0 -12.62134
1966000000.0 -12.6291
1967000000.0 -12.62675
1968000000.0 -12.64695
1969000000.0 -12.65422
1970000000.0 -12.65644
1971000000.0 -12.66566
1972000000.0 -12.6892
1973000000.0 -12.67104
1974000000.0 -12.68038
1975000000.0 -12.69309
1976000000.0 -12.71661
1977000000.0 -12.74326
1978000000.0 -12.75528
1979000000.0 -12.73192
1980000000.0 -12.7275
1981000000.0 -12.7295
1982000000.0 -12.70944
1983000000.0 -12.70589
1984000000.0 -12.70213
1985000000.0 -12.71763
1986000000.0 -12.72351
1987000000.0 -12.72607
1988000000.0 -12.72998
1989000000.0 -12.74908
1990000000.0 -12.75165
1991000000.0 -12.75828
1992000000.0 -12.74658
1993000000.0 -12.76469
1994000000.0 -12.789
1995000000.0 -12.78151
1996000000.0 -12.77443
1997000000.0 -12.7788
1998000000.0 -12.79005
1999000000.0 -12.80371
2000000000.0 -12.8037
2001000000.0 -12.7918
2002000000.0 -12.78492
2003000000.0 -12.78883
2004000000.0 -12.78588
2005000000.0 -12.81351
2006000000.0 -12.83425
2007000000.0 -12.84406
2008000000.0 -12.83882
2009000000.0 -12.82293
2010000000.0 -12.83404
2011000000.0 -12.82449
2012000000.0 -12.83736
2013000000.0 -12.8641
2014000000.0 -12.87796
2015000000.0 -12.88337
2016000000.0 -12.88921
2017000000.0 -12.88506
2018000000.0 -12.88905
2019000000.0 -12.91927
2020000000.0 -12.9699
2021000000.0 -12.9909
2022000000.0 -12.97811
2023000000.0 -12.97484
2024000000.0 -12.97057
2025000000.0 -12.97165
2026000000.0 -12.98031
2027000000.0 -12.98522
2028000000.0 -12.99979
2029000000.0 -13.00681
2030000000.0 -13.01664
2031000000.0 -13.02071
2032000000.0 -13.02312
2033000000.0 -13.02621
2034000000.0 -13.0305
2035000000.0 -13.0487
2036000000.0 -13.05304
2037000000.0 -13.04567
2038000000.0 -13.03491
2039000000.0 -13.0148
2040000000.0 -13.02601
2041000000.0 -13.0284
2042000000.0 -13.01533
2043000000.0 -13.03925
2044000000.0 -13.00735
2045000000.0 -13.02447
2046000000.0 -13.04327
2047000000.0 -13.06585
2048000000.0 -13.08459
2049000000.0 -13.08637
2050000000.0 -13.10419
2051000000.0 -13.09295
2052000000.0 -13.09407
2053000000.0 -13.08518
2054000000.0 -13.06852
2055000000.0 -13.06032
2056000000.0 -13.07535
2057000000.0 -13.06372
2058000000.0 -13.06553
2059000000.0 -13.06761
2060000000.0 -13.07341
2061000000.0 -13.08811
2062000000.0 -13.09478
2063000000.0 -13.0929
2064000000.0 -13.10566
2065000000.0 -13.1222
2066000000.0 -13.12772
2067000000.0 -13.15748
2068000000.0 -13.16611
2069000000.0 -13.1803
2070000000.0 -13.175
2071000000.0 -13.16614
2072000000.0 -13.17902
2073000000.0 -13.1921
2074000000.0 -13.20174
2075000000.0 -13.18967
2076000000.0 -13.19998
2077000000.0 -13.17152
2078000000.0 -13.17291
2079000000.0 -13.17071
2080000000.0 -13.17012
2081000000.0 -13.18363
2082000000.0 -13.18469
2083000000.0 -13.2095
2084000000.0 -13.20739
2085000000.0 -13.20549
2086000000.0 -13.21458
2087000000.0 -13.22751
2088000000.0 -13.24627
2089000000.0 -13.27669
2090000000.0 -13.31135
2091000000.0 -13.34524
2092000000.0 -13.34441
2093000000.0 -13.31699
2094000000.0 -13.28001
2095000000.0 -13.25932
2096000000.0 -13.26921
2097000000.0 -13.25764
2098000000.0 -13.23469
2099000000.0 -13.23627
2100000000.0 -13.23676
2101000000.0 -13.2365
2102000000.0 -13.26139
2103000000.0 -13.26833
2104000000.0 -13.26515
2105000000.0 -13.26168
2106000000.0 -13.26567
2107000000.0 -13.26817
2108000000.0 -13.2848
2109000000.0 -13.2782
2110000000.0 -13.29295
2111000000.0 -13.29066
2112000000.0 -13.30421
2113000000.0 -13.32642
2114000000.0 -13.33289
2115000000.0 -13.32499
2116000000.0 -13.33368
2117000000.0 -13.33578
2118000000.0 -13.33393
2119000000.0 -13.33003
2120000000.0 -13.33836
2121000000.0 -13.36783
2122000000.0 -13.37691
2123000000.0 -13.392
2124000000.0 -13.39487
2125000000.0 -13.42997
2126000000.0 -13.44903
2127000000.0 -13.4371
2128000000.0 -13.42659
2129000000.0 -13.4405
2130000000.0 -13.44487
2131000000.0 -13.47607
2132000000.0 -13.48191
2133000000.0 -13.48145
2134000000.0 -13.46253
2135000000.0 -13.44331
2136000000.0 -13.42047
2137000000.0 -13.41512
2138000000.0 -13.40306
2139000000.0 -13.41689
2140000000.0 -13.41032
2141000000.0 -13.40474
2142000000.0 -13.40179
2143000000.0 -13.42628
2144000000.0 -13.43017
2145000000.0 -13.44233
2146000000.0 -13.45104
2147000000.0 -13.45566
2148000000.0 -13.46493
2149000000.0 -13.48551
2150000000.0 -13.50852
2151000000.0 -13.51957
2152000000.0 -13.55485
2153000000.0 -13.57454
2154000000.0 -13.59319
2155000000.0 -13.60509
2156000000.0 -13.6071
2157000000.0 -13.55866
2158000000.0 -13.55453
2159000000.0 -13.5618
2160000000.0 -13.58159
2161000000.0 -13.57277
2162000000.0 -13.56788
2163000000.0 -13.56004
2164000000.0 -13.56827
2165000000.0 -13.57799
2166000000.0 -13.57194
2167000000.0 -13.56788
2168000000.0 -13.56773
2169000000.0 -13.56254
2170000000.0 -13.57977
2171000000.0 -13.5856
2172000000.0 -13.58852
2173000000.0 -13.59253
2174000000.0 -13.59131
2175000000.0 -13.59152
2176000000.0 -13.59062
2177000000.0 -13.59061
2178000000.0 -13.59827
2179000000.0 -13.59993
2180000000.0 -13.60228
2181000000.0 -13.5887
2182000000.0 -13.59848
2183000000.0 -13.59615
2184000000.0 -13.61715
2185000000.0 -13.62326
2186000000.0 -13.62807
2187000000.0 -13.64179
2188000000.0 -13.65994
2189000000.0 -13.65587
2190000000.0 -13.66289
2191000000.0 -13.65738
2192000000.0 -13.66892
2193000000.0 -13.69898
2194000000.0 -13.7142
2195000000.0 -13.72117
2196000000.0 -13.71472
2197000000.0 -13.70176
2198000000.0 -13.69993
2199000000.0 -13.69312
2200000000.0 -13.71049
2201000000.0 -13.71484
2202000000.0 -13.71033
2203000000.0 -13.71823
2204000000.0 -13.7263
2205000000.0 -13.72423
2206000000.0 -13.72906
2207000000.0 -13.72809
2208000000.0 -13.74105
2209000000.0 -13.73751
2210000000.0 -13.76906
2211000000.0 -13.78009
2212000000.0 -13.79149
2213000000.0 -13.7908
2214000000.0 -13.79185
2215000000.0 -13.79998
2216000000.0 -13.81143
2217000000.0 -13.81898
2218000000.0 -13.80511
2219000000.0 -13.80921
2220000000.0 -13.79674
2221000000.0 -13.79479
2222000000.0 -13.79868
2223000000.0 -13.80688
2224000000.0 -13.82221
2225000000.0 -13.82242
2226000000.0 -13.81406
2227000000.0 -13.81578
2228000000.0 -13.82554
2229000000.0 -13.82714
2230000000.0 -13.85059
2231000000.0 -13.86853
2232000000.0 -13.87308
2233000000.0 -13.89018
2234000000.0 -13.9064
2235000000.0 -13.88875
2236000000.0 -13.89233
2237000000.0 -13.87899
2238000000.0 -13.87402
2239000000.0 -13.87999
2240000000.0 -13.87562
2241000000.0 -13.8748
2242000000.0 -13.87357
2243000000.0 -13.88013
2244000000.0 -13.89904
2245000000.0 -13.90175
2246000000.0 -13.91811
2247000000.0 -13.92247
2248000000.0 -13.92286
2249000000.0 -13.9313
2250000000.0 -13.93919
2251000000.0 -13.95037
2252000000.0 -13.95074
2253000000.0 -13.95312
2254000000.0 -13.973
2255000000.0 -13.98522
2256000000.0 -14.00284
2257000000.0 -14.01938
2258000000.0 -14.02873
2259000000.0 -14.02465
2260000000.0 -14.023
2261000000.0 -14.02292
2262000000.0 -14.01996
2263000000.0 -14.01561
2264000000.0 -14.01184
2265000000.0 -14.0037
2266000000.0 -13.97983
2267000000.0 -14.00637
2268000000.0 -13.99797
2269000000.0 -13.99029
2270000000.0 -14.00182
2271000000.0 -14.02646
2272000000.0 -14.02783
2273000000.0 -14.03317
2274000000.0 -14.03425
2275000000.0 -14.04099
2276000000.0 -14.0437
2277000000.0 -14.07065
2278000000.0 -14.0963
2279000000.0 -14.11917
2280000000.0 -14.14188
2281000000.0 -14.15343
2282000000.0 -14.15344
2283000000.0 -14.1311
2284000000.0 -14.12325
2285000000.0 -14.11205
2286000000.0 -14.12695
2287000000.0 -14.12934
2288000000.0 -14.11083
2289000000.0 -14.10243
2290000000.0 -14.09276
2291000000.0 -14.07642
2292000000.0 -14.08211
2293000000.0 -14.0772
2294000000.0 -14.08745
2295000000.0 -14.12556
2296000000.0 -14.12696
2297000000.0 -14.14437
2298000000.0 -14.14253
2299000000.0 -14.15525
2300000000.0 -14.16473
2301000000.0 -14.18436
2302000000.0 -14.20336
2303000000.0 -14.21284
2304000000.0 -14.20922
2305000000.0 -14.18219
2306000000.0 -14.19753
2307000000.0 -14.18407
2308000000.0 -14.18655
2309000000.0 -14.18032
2310000000.0 -14.19819
2311000000.0 -14.19688
2312000000.0 -14.19606
2313000000.0 -14.18662
2314000000.0 -14.1844
2315000000.0 -14.19252
2316000000.0 -14.21031
2317000000.0 -14.21672
2318000000.0 -14.22607
2319000000.0 -14.22879
2320000000.0 -14.23702
2321000000.0 -14.25936
2322000000.0 -14.26225
2323000000.0 -14.2612
2324000000.0 -14.24627
2325000000.0 -14.2478
2326000000.0 -14.26446
2327000000.0 -14.25155
2328000000.0 -14.25123
2329000000.0 -14.24988
2330000000.0 -14.25838
2331000000.0 -14.26766
2332000000.0 -14.27119
2333000000.0 -14.27642
2334000000.0 -14.26974
2335000000.0 -14.27209
2336000000.0 -14.2743
2337000000.0 -14.28099
2338000000.0 -14.3002
2339000000.0 -14.32411
2340000000.0 -14.34587
2341000000.0 -14.37906
2342000000.0 -14.40651
2343000000.0 -14.42833
2344000000.0 -14.42352
2345000000.0 -14.42537
2346000000.0 -14.41576
2347000000.0 -14.4145
2348000000.0 -14.42128
2349000000.0 -14.40547
2350000000.0 -14.39214
2351000000.0 -14.37442
2352000000.0 -14.36571
2353000000.0 -14.37691
2354000000.0 -14.38921
2355000000.0 -14.38672
2356000000.0 -14.38552
2357000000.0 -14.39385
2358000000.0 -14.3976
2359000000.0 -14.41259
2360000000.0 -14.43705
2361000000.0 -14.43623
2362000000.0 -14.47277
2363000000.0 -14.4788
2364000000.0 -14.499
2365000000.0 -14.49402
2366000000.0 -14.45493
2367000000.0 -14.45084
2368000000.0 -14.44977
2369000000.0 -14.48647
2370000000.0 -14.5102
2371000000.0 -14.50552
2372000000.0 -14.48685
2373000000.0 -14.49749
2374000000.0 -14.51916
2375000000.0 -14.55129
2376000000.0 -14.57159
2377000000.0 -14.58042
2378000000.0 -14.56665
2379000000.0 -14.53
2380000000.0 -14.51573
2381000000.0 -14.51629
2382000000.0 -14.50068
2383000000.0 -14.47348
2384000000.0 -14.48039
2385000000.0 -14.47192
2386000000.0 -14.47567
2387000000.0 -14.47704
2388000000.0 -14.49288
2389000000.0 -14.49358
2390000000.0 -14.51233
2391000000.0 -14.50183
2392000000.0 -14.52959
2393000000.0 -14.52539
2394000000.0 -14.52345
2395000000.0 -14.5324
2396000000.0 -14.5415
2397000000.0 -14.52663
2398000000.0 -14.55789
2399000000.0 -14.5734
2400000000.0 -14.59382
2401000000.0 -14.62106
2402000000.0 -14.63399
2403000000.0 -14.62576
2404000000.0 -14.65539
2405000000.0 -14.67746
2406000000.0 -14.68728
2407000000.0 -14.67138
2408000000.0 -14.65448
2409000000.0 -14.67426
2410000000.0 -14.69949
2411000000.0 -14.7056
2412000000.0 -14.69555
2413000000.0 -14.6623
2414000000.0 -14.65678
2415000000.0 -14.6852
2416000000.0 -14.70384
2417000000.0 -14.68259
2418000000.0 -14.68403
2419000000.0 -14.66719
2420000000.0 -14.67797
2421000000.0 -14.6653
2422000000.0 -14.66893
2423000000.0 -14.67751
2424000000.0 -14.6881
2425000000.0 -14.69883
2426000000.0 -14.71305
2427000000.0 -14.70588
2428000000.0 -14.68655
2429000000.0 -14.65679
2430000000.0 -14.65414
2431000000.0 -14.6601
2432000000.0 -14.68003
2433000000.0 -14.70501
2434000000.0 -14.71848
2435000000.0 -14.70718
2436000000.0 -14.7098
2437000000.0 -14.70062
2438000000.0 -14.70737
2439000000.0 -14.73701
2440000000.0 -14.76747
2441000000.0 -14.77969
2442000000.0 -14.77394
2443000000.0 -14.77419
2444000000.0 -14.76469
2445000000.0 -14.78636
2446000000.0 -14.77861
2447000000.0 -14.75317
2448000000.0 -14.74565
2449000000.0 -14.7365
2450000000.0 -14.76237
2451000000.0 -14.75412
2452000000.0 -14.76891
2453000000.0 -14.75907
2454000000.0 -14.74815
2455000000.0 -14.75035
2456000000.0 -14.76303
2457000000.0 -14.76721
2458000000.0 -14.77816
2459000000.0 -14.78262
2460000000.0 -14.78694
2461000000.0 -14.81173
2462000000.0 -14.81281
2463000000.0 -14.82491
2464000000.0 -14.8303
2465000000.0 -14.84432
2466000000.0 -14.87071
2467000000.0 -14.89561
2468000000.0 -14.90094
2469000000.0 -14.8949
2470000000.0 -14.88427
2471000000.0 -14.87422
2472000000.0 -14.87794
2473000000.0 -14.89799
2474000000.0 -14.89717
2475000000.0 -14.89876
2476000000.0 -14.89889
2477000000.0 -14.9077
2478000000.0 -14.9195
2479000000.0 -14.93536
2480000000.0 -14.93109
2481000000.0 -14.92738
2482000000.0 -14.92571
2483000000.0 -14.92613
2484000000.0 -14.94227
2485000000.0 -14.97945
2486000000.0 -15.02174
2487000000.0 -15.03845
2488000000.0 -15.0515
2489000000.0 -15.02062
2490000000.0 -14.98408
2491000000.0 -14.94449
2492000000.0 -14.94194
2493000000.0 -14.92539
2494000000.0 -14.92383
2495000000.0 -14.94784
2496000000.0 -14.95514
2497000000.0 -14.95511
2498000000.0 -14.95174
2499000000.0 -14.95772
2500000000.0 -14.95504
2501000000.0 -14.9618
2502000000.0 -14.96906
2503000000.0 -14.95278
2504000000.0 -14.96374
2505000000.0 -14.97342
2506000000.0 -15.00309
2507000000.0 -15.02726
2508000000.0 -15.05039
2509000000.0 -15.05863
2510000000.0 -15.06671
2511000000.0 -15.05269
2512000000.0 -15.05823
2513000000.0 -15.04698
2514000000.0 -15.05194
2515000000.0 -15.06355
2516000000.0 -15.07627
2517000000.0 -15.07256
2518000000.0 -15.07485
2519000000.0 -15.06899
2520000000.0 -15.06733
2521000000.0 -15.09133
2522000000.0 -15.09415
2523000000.0 -15.10571
2524000000.0 -15.08424
2525000000.0 -15.06529
2526000000.0 -15.05773
2527000000.0 -15.04499
2528000000.0 -15.07511
2529000000.0 -15.09438
2530000000.0 -15.09836
2531000000.0 -15.13136
2532000000.0 -15.13256
2533000000.0 -15.11014
2534000000.0 -15.12514
2535000000.0 -15.11913
2536000000.0 -15.1345
2537000000.0 -15.14951
2538000000.0 -15.16894
2539000000.0 -15.16938
2540000000.0 -15.19244
2541000000.0 -15.1805
2542000000.0 -15.16817
2543000000.0 -15.15429
2544000000.0 -15.17754
2545000000.0 -15.17329
2546000000.0 -15.15726
2547000000.0 -15.1483
2548000000.0 -15.18172
2549000000.0 -15.18766
2550000000.0 -15.21278
2551000000.0 -15.22475
2552000000.0 -15.23399
2553000000.0 -15.21399
2554000000.0 -15.20718
2555000000.0 -15.1984
2556000000.0 -15.20983
2557000000.0 -15.22766
2558000000.0 -15.22982
2559000000.0 -15.23179
2560000000.0 -15.24164
2561000000.0 -15.28503
2562000000.0 -15.30219
2563000000.0 -15.32433
2564000000.0 -15.34199
2565000000.0 -15.34366
2566000000.0 -15.31163
2567000000.0 -15.28058
2568000000.0 -15.27701
2569000000.0 -15.27887
2570000000.0 -15.30288
2571000000.0 -15.30078
2572000000.0 -15.31887
2573000000.0 -15.33401
2574000000.0 -15.34324
2575000000.0 -15.34015
2576000000.0 -15.36052
2577000000.0 -15.39337
2578000000.0 -15.45296
2579000000.0 -15.52154
2580000000.0 -15.53889
2581000000.0 -15.52735
2582000000.0 -15.50063
2583000000.0 -15.45973
2584000000.0 -15.44403
2585000000.0 -15.48191
2586000000.0 -15.5086
2587000000.0 -15.51272
2588000000.0 -15.49114
2589000000.0 -15.45639
2590000000.0 -15.40124
2591000000.0 -15.38167
2592000000.0 -15.36337
2593000000.0 -15.40956
2594000000.0 -15.41576
2595000000.0 -15.44205
2596000000.0 -15.44532
2597000000.0 -15.42956
2598000000.0 -15.40303
2599000000.0 -15.40998
2600000000.0 -15.39774
2601000000.0 -15.43762
2602000000.0 -15.48556
2603000000.0 -15.50561
2604000000.0 -15.51199
2605000000.0 -15.51074
2606000000.0 -15.48075
2607000000.0 -15.46063
2608000000.0 -15.44439
2609000000.0 -15.45561
2610000000.0 -15.46119
2611000000.0 -15.47898
2612000000.0 -15.47079
2613000000.0 -15.48064
2614000000.0 -15.47755
2615000000.0 -15.48803
2616000000.0 -15.49952
2617000000.0 -15.50203
2618000000.0 -15.51816
2619000000.0 -15.53961
2620000000.0 -15.54496
2621000000.0 -15.55756
2622000000.0 -15.55435
2623000000.0 -15.54999
2624000000.0 -15.55287
2625000000.0 -15.58263
2626000000.0 -15.62648
2627000000.0 -15.65992
2628000000.0 -15.69516
2629000000.0 -15.69932
2630000000.0 -15.66008
2631000000.0 -15.62446
2632000000.0 -15.57749
2633000000.0 -15.5549
2634000000.0 -15.56397
2635000000.0 -15.56748
2636000000.0 -15.57422
2637000000.0 -15.58236
2638000000.0 -15.58796
2639000000.0 -15.59272
2640000000.0 -15.60687
2641000000.0 -15.61528
2642000000.0 -15.63826
2643000000.0 -15.65262
2644000000.0 -15.64273
2645000000.0 -15.64695
2646000000.0 -15.66669
2647000000.0 -15.66402
2648000000.0 -15.6537
2649000000.0 -15.66778
2650000000.0 -15.65232
2651000000.0 -15.64429
2652000000.0 -15.64237
2653000000.0 -15.63115
2654000000.0 -15.63512
2655000000.0 -15.67388
2656000000.0 -15.69333
2657000000.0 -15.69562
2658000000.0 -15.7172
2659000000.0 -15.71712
2660000000.0 -15.71452
2661000000.0 -15.70148
2662000000.0 -15.70193
2663000000.0 -15.68766
2664000000.0 -15.67106
2665000000.0 -15.67615
2666000000.0 -15.66508
2667000000.0 -15.65641
2668000000.0 -15.6554
2669000000.0 -15.66226
2670000000.0 -15.68393
2671000000.0 -15.70363
2672000000.0 -15.72305
2673000000.0 -15.73657
2674000000.0 -15.75745
2675000000.0 -15.79112
2676000000.0 -15.79853
2677000000.0 -15.82496
2678000000.0 -15.80682
2679000000.0 -15.79751
2680000000.0 -15.74824
2681000000.0 -15.7287
2682000000.0 -15.73712
2683000000.0 -15.72972
2684000000.0 -15.75572
2685000000.0 -15.76643
2686000000.0 -15.76768
2687000000.0 -15.7729
2688000000.0 -15.77452
2689000000.0 -15.82168
2690000000.0 -15.85067
2691000000.0 -15.8591
2692000000.0 -15.83102
2693000000.0 -15.80806
2694000000.0 -15.79122
2695000000.0 -15.78725
2696000000.0 -15.82677
2697000000.0 -15.81023
2698000000.0 -15.8172
2699000000.0 -15.83624
2700000000.0 -15.85292
2701000000.0 -15.86473
2702000000.0 -15.86686
2703000000.0 -15.85057
2704000000.0 -15.86926
2705000000.0 -15.88444
2706000000.0 -15.89209
2707000000.0 -15.88086
2708000000.0 -15.85847
2709000000.0 -15.85488
2710000000.0 -15.87562
2711000000.0 -15.89581
2712000000.0 -15.89845
2713000000.0 -15.89916
2714000000.0 -15.89584
2715000000.0 -15.87907
2716000000.0 -15.88962
2717000000.0 -15.91421
2718000000.0 -15.91861
2719000000.0 -15.95197
2720000000.0 -15.93903
2721000000.0 -15.92545
2722000000.0 -15.9066
2723000000.0 -15.88634
2724000000.0 -15.85884
2725000000.0 -15.89344
2726000000.0 -15.89348
2727000000.0 -15.91447
2728000000.0 -15.88503
2729000000.0 -15.91823
2730000000.0 -15.92129
2731000000.0 -15.9084
2732000000.0 -15.8986
2733000000.0 -15.90957
2734000000.0 -15.93796
2735000000.0 -15.94386
2736000000.0 -15.95053
2737000000.0 -15.94639
2738000000.0 -15.98566
2739000000.0 -15.98858
2740000000.0 -16.02536
2741000000.0 -16.05824
2742000000.0 -16.08003
2743000000.0 -16.05153
2744000000.0 -16.01558
2745000000.0 -15.98378
2746000000.0 -15.9763
2747000000.0 -15.97463
2748000000.0 -15.97969
2749000000.0 -16.00241
2750000000.0 -15.99038
2751000000.0 -16.00692
2752000000.0 -16.03633
2753000000.0 -16.0459
2754000000.0 -16.02223
2755000000.0 -15.99953
2756000000.0 -15.98605
2757000000.0 -15.99532
2758000000.0 -16.0041
2759000000.0 -15.97777
2760000000.0 -15.99886
2761000000.0 -16.01994
2762000000.0 -16.03755
2763000000.0 -16.05082
2764000000.0 -16.0808
2765000000.0 -16.10797
2766000000.0 -16.1249
2767000000.0 -16.12861
2768000000.0 -16.13199
2769000000.0 -16.11244
2770000000.0 -16.09988
2771000000.0 -16.10358
2772000000.0 -16.106
2773000000.0 -16.14569
2774000000.0 -16.19169
2775000000.0 -16.22613
2776000000.0 -16.23664
2777000000.0 -16.19702
2778000000.0 -16.14337
2779000000.0 -16.13811
2780000000.0 -16.14359
2781000000.0 -16.17179
2782000000.0 -16.22573
2783000000.0 -16.22037
2784000000.0 -16.21657
2785000000.0 -16.18741
2786000000.0 -16.15756
2787000000.0 -16.14927
2788000000.0 -16.19575
2789000000.0 -16.20129
2790000000.0 -16.25375
2791000000.0 -16.26447
2792000000.0 -16.2752
2793000000.0 -16.28567
2794000000.0 -16.27245
2795000000.0 -16.27371
2796000000.0 -16.29285
2797000000.0 -16.29282
2798000000.0 -16.29244
2799000000.0 -16.26836
2800000000.0 -16.26959
2801000000.0 -16.27166
2802000000.0 -16.30761
2803000000.0 -16.33941
2804000000.0 -16.38226
2805000000.0 -16.3722
2806000000.0 -16.36091
2807000000.0 -16.35569
2808000000.0 -16.30547
2809000000.0 -16.29712
2810000000.0 -16.26879
2811000000.0 -16.25587
2812000000.0 -16.29105
2813000000.0 -16.30975
2814000000.0 -16.32868
2815000000.0 -16.36377
2816000000.0 -16.38555
2817000000.0 -16.33244
2818000000.0 -16.31845
2819000000.0 -16.30946
2820000000.0 -16.30512
2821000000.0 -16.29885
2822000000.0 -16.30796
2823000000.0 -16.29821
2824000000.0 -16.28696
2825000000.0 -16.29486
2826000000.0 -16.28632
2827000000.0 -16.27026
2828000000.0 -16.28043
2829000000.0 -16.31096
2830000000.0 -16.35404
2831000000.0 -16.38553
2832000000.0 -16.38501
2833000000.0 -16.34624
2834000000.0 -16.31611
2835000000.0 -16.30199
2836000000.0 -16.29252
2837000000.0 -16.3274
2838000000.0 -16.34676
2839000000.0 -16.38527
2840000000.0 -16.39877
2841000000.0 -16.38894
2842000000.0 -16.36569
2843000000.0 -16.37766
2844000000.0 -16.37685
2845000000.0 -16.36749
2846000000.0 -16.37469
2847000000.0 -16.36918
2848000000.0 -16.36384
2849000000.0 -16.384
2850000000.0 -16.3735
2851000000.0 -16.40195
2852000000.0 -16.38454
2853000000.0 -16.40446
2854000000.0 -16.4321
2855000000.0 -16.45354
2856000000.0 -16.4545
2857000000.0 -16.45717
2858000000.0 -16.47966
2859000000.0 -16.47684
2860000000.0 -16.48492
2861000000.0 -16.52235
2862000000.0 -16.54704
2863000000.0 -16.60809
2864000000.0 -16.63912
2865000000.0 -16.65763
2866000000.0 -16.613
2867000000.0 -16.57903
2868000000.0 -16.53841
2869000000.0 -16.54909
2870000000.0 -16.54642
2871000000.0 -16.53175
2872000000.0 -16.52463
2873000000.0 -16.51344
2874000000.0 -16.49726
2875000000.0 -16.48203
2876000000.0 -16.49298
2877000000.0 -16.51432
2878000000.0 -16.53455
2879000000.0 -16.53281
2880000000.0 -16.55965
2881000000.0 -16.57148
2882000000.0 -16.58024
2883000000.0 -16.58865
2884000000.0 -16.59991
2885000000.0 -16.61842
2886000000.0 -16.63978
2887000000.0 -16.6483
2888000000.0 -16.64332
2889000000.0 -16.62326
2890000000.0 -16.59044
2891000000.0 -16.60807
2892000000.0 -16.63563
2893000000.0 -16.68178
2894000000.0 -16.69544
2895000000.0 -16.70833
2896000000.0 -16.69666
2897000000.0 -16.65879
2898000000.0 -16.67085
2899000000.0 -16.66035
2900000000.0 -16.67665
2901000000.0 -16.71433
2902000000.0 -16.73989
2903000000.0 -16.77921
2904000000.0 -16.80976
2905000000.0 -16.78596
2906000000.0 -16.75954
2907000000.0 -16.71097
2908000000.0 -16.68829
2909000000.0 -16.6799
2910000000.0 -16.67288
2911000000.0 -16.68429
2912000000.0 -16.66912
2913000000.0 -16.65727
2914000000.0 -16.65624
2915000000.0 -16.67744
2916000000.0 -16.67347
2917000000.0 -16.67623
2918000000.0 -16.68615
2919000000.0 -16.67715
2920000000.0 -16.6704
2921000000.0 -16.67161
2922000000.0 -16.70103
2923000000.0 -16.70886
2924000000.0 -16.76543
2925000000.0 -16.80643
2926000000.0 -16.87502
2927000000.0 -16.92841
2928000000.0 -16.91941
2929000000.0 -16.87495
2930000000.0 -16.83193
2931000000.0 -16.79751
2932000000.0 -16.79418
2933000000.0 -16.79877
2934000000.0 -16.77879
2935000000.0 -16.76991
2936000000.0 -16.72623
2937000000.0 -16.72994
2938000000.0 -16.72683
2939000000.0 -16.71256
2940000000.0 -16.71446
2941000000.0 -16.72797
2942000000.0 -16.74571
2943000000.0 -16.75454
2944000000.0 -16.76538
2945000000.0 -16.79815
2946000000.0 -16.81181
2947000000.0 -16.83714
2948000000.0 -16.87239
2949000000.0 -16.87355
2950000000.0 -16.87861
2951000000.0 -16.86512
2952000000.0 -16.8482
2953000000.0 -16.84608
2954000000.0 -16.82812
2955000000.0 -16.83348
2956000000.0 -16.82147
2957000000.0 -16.84128
2958000000.0 -16.82327
2959000000.0 -16.82806
2960000000.0 -16.8423
2961000000.0 -16.85031
2962000000.0 -16.8599
2963000000.0 -16.86545
2964000000.0 -16.88485
2965000000.0 -16.91883
2966000000.0 -16.96187
2967000000.0 -16.99161
2968000000.0 -16.99263
2969000000.0 -16.97628
2970000000.0 -16.94478
2971000000.0 -16.92743
2972000000.0 -16.93017
2973000000.0 -16.91702
2974000000.0 -16.89823
2975000000.0 -16.89701
2976000000.0 -16.91797
2977000000.0 -16.94968
2978000000.0 -16.96225
2979000000.0 -16.97575
2980000000.0 -16.95799
2981000000.0 -16.94131
2982000000.0 -16.95847
2983000000.0 -16.99776
2984000000.0 -17.02724
2985000000.0 -17.05142
2986000000.0 -17.04748
2987000000.0 -17.04029
2988000000.0 -17.07124
2989000000.0 -17.0993
2990000000.0 -17.13841
2991000000.0 -17.12444
2992000000.0 -17.14184
2993000000.0 -17.11549
2994000000.0 -17.0946
2995000000.0 -17.06354
2996000000.0 -17.03465
2997000000.0 -17.0347
2998000000.0 -17.03066
2999000000.0 -17.05201
3000000000.0 -17.09105
 
