400000000.0 -27.75157
401000000.0 -27.90404
402000000.0 -28.48454
403000000.0 -28.23572
404000000.0 -27.70385
405000000.0 -28.4542
406000000.0 -29.82635
407000000.0 -30.52922
408000000.0 -30.22324
409000000.0 -29.84897
410000000.0 -29.97342
411000000.0 -29.85588
412000000.0 -29.04359
413000000.0 -28.50363
414000000.0 -28.88888
415000000.0 -29.47692
416000000.0 -29.45521
417000000.0 -28.88798
418000000.0 -28.59089
419000000.0 -28.85102
420000000.0 -28.62649
421000000.0 -28.12155
422000000.0 -27.67124
423000000.0 -27.69703
424000000.0 -27.70385
425000000.0 -27.64081
426000000.0 -27.68084
427000000.0 -27.99652
428000000.0 -28.55172
429000000.0 -29.19577
430000000.0 -29.28227
431000000.0 -29.02996
432000000.0 -28.27087
433000000.0 -27.56437
434000000.0 -26.90541
435000000.0 -26.30217
436000000.0 -25.75215
437000000.0 -25.54121
438000000.0 -25.76483
439000000.0 -26.11985
440000000.0 -26.19094
441000000.0 -26.05235
442000000.0 -26.31552
443000000.0 -26.67643
444000000.0 -26.72401
445000000.0 -26.4336
446000000.0 -26.36585
447000000.0 -26.66122
448000000.0 -26.86699
449000000.0 -26.83422
450000000.0 -26.89849
451000000.0 -27.15439
452000000.0 -27.59556
453000000.0 -27.83884
454000000.0 -28.02271
455000000.0 -28.32352
456000000.0 -28.82361
457000000.0 -29.26314
458000000.0 -29.13235
459000000.0 -28.78436
460000000.0 -28.5575
461000000.0 -28.46683
462000000.0 -28.35502
463000000.0 -28.16557
464000000.0 -27.80852
465000000.0 -27.60178
466000000.0 -27.62946
467000000.0 -27.5961
468000000.0 -27.63237
469000000.0 -27.88476
470000000.0 -28.19246
471000000.0 -28.58396
472000000.0 -28.55155
473000000.0 -28.33562
474000000.0 -27.97539
475000000.0 -27.69915
476000000.0 -27.55224
477000000.0 -27.39396
478000000.0 -27.06616
479000000.0 -26.76247
480000000.0 -26.59607
481000000.0 -26.57311
482000000.0 -26.35289
483000000.0 -25.86623
484000000.0 -25.41026
485000000.0 -25.20697
486000000.0 -24.92984
487000000.0 -24.6407
488000000.0 -24.45218
489000000.0 -24.34546
490000000.0 -24.26403
491000000.0 -24.26383
492000000.0 -24.32749
493000000.0 -24.47596
494000000.0 -24.45792
495000000.0 -24.55487
496000000.0 -24.61398
497000000.0 -24.63249
498000000.0 -24.4429
499000000.0 -24.20317
500000000.0 -23.98124
501000000.0 -24.02228
502000000.0 -23.98691
503000000.0 -23.88672
504000000.0 -23.92001
505000000.0 -23.99723
506000000.0 -24.15326
507000000.0 -24.25628
508000000.0 -24.27037
509000000.0 -24.30231
510000000.0 -24.30116
511000000.0 -24.3655
512000000.0 -24.46305
513000000.0 -24.67206
514000000.0 -24.76911
515000000.0 -24.7655
516000000.0 -24.86285
517000000.0 -25.06642
518000000.0 -25.12742
519000000.0 -24.96491
520000000.0 -24.8815
521000000.0 -25.01755
522000000.0 -25.21879
523000000.0 -25.0929
524000000.0 -24.78747
525000000.0 -24.6235
526000000.0 -24.56725
527000000.0 -24.48373
528000000.0 -24.20601
529000000.0 -24.0565
530000000.0 -23.92618
531000000.0 -23.94093
532000000.0 -23.88857
533000000.0 -23.79604
534000000.0 -23.73245
535000000.0 -23.77742
536000000.0 -24.09493
537000000.0 -24.44348
538000000.0 -24.49445
539000000.0 -24.33077
540000000.0 -24.48655
541000000.0 -24.79883
542000000.0 -24.88946
543000000.0 -24.63426
544000000.0 -24.5232
545000000.0 -24.65354
546000000.0 -24.77006
547000000.0 -24.56504
548000000.0 -24.26869
549000000.0 -24.09522
550000000.0 -24.09885
551000000.0 -24.09873
552000000.0 -24.07164
553000000.0 -24.00403
554000000.0 -23.86485
555000000.0 -23.86535
556000000.0 -24.02364
557000000.0 -24.04577
558000000.0 -23.90661
559000000.0 -23.914
560000000.0 -24.10359
561000000.0 -24.15549
562000000.0 -24.00342
563000000.0 -23.73815
564000000.0 -23.68296
565000000.0 -23.72362
566000000.0 -23.68484
567000000.0 -23.58282
568000000.0 -23.56853
569000000.0 -23.67713
570000000.0 -23.78307
571000000.0 -23.79634
572000000.0 -23.76507
573000000.0 -23.80392
574000000.0 -23.9237
575000000.0 -24.02512
576000000.0 -24.02018
577000000.0 -23.9677
578000000.0 -23.94285
579000000.0 -23.96798
580000000.0 -24.01988
581000000.0 -24.04345
582000000.0 -24.12025
583000000.0 -24.16624
584000000.0 -24.14901
585000000.0 -24.15637
586000000.0 -24.23281
587000000.0 -24.13544
588000000.0 -24.08981
589000000.0 -24.15075
590000000.0 -24.31141
591000000.0 -24.24695
592000000.0 -24.18785
593000000.0 -24.14795
594000000.0 -24.1353
595000000.0 -24.0926
596000000.0 -24.03748
597000000.0 -24.15249
598000000.0 -24.21522
599000000.0 -24.2253
600000000.0 -24.14136
601000000.0 -24.12652
602000000.0 -24.19171
603000000.0 -24.17852
604000000.0 -24.13883
605000000.0 -24.21721
606000000.0 -24.23613
607000000.0 -24.12197
608000000.0 -23.98642
609000000.0 -23.91137
610000000.0 -23.86599
611000000.0 -23.79317
612000000.0 -23.78513
613000000.0 -23.78979
614000000.0 -23.74943
615000000.0 -23.67989
616000000.0 -23.59081
617000000.0 -23.52565
618000000.0 -23.44972
619000000.0 -23.46451
620000000.0 -23.48629
621000000.0 -23.53303
622000000.0 -23.44642
623000000.0 -23.4219
624000000.0 -23.37284
625000000.0 -23.42088
626000000.0 -23.34314
627000000.0 -23.28137
628000000.0 -23.28395
629000000.0 -23.29564
630000000.0 -23.34605
631000000.0 -23.47765
632000000.0 -23.56899
633000000.0 -23.50983
634000000.0 -23.41445
635000000.0 -23.40524
636000000.0 -23.46406
637000000.0 -23.48055
638000000.0 -23.51168
639000000.0 -23.61871
640000000.0 -23.69015
641000000.0 -23.58573
642000000.0 -23.39674
643000000.0 -23.37143
644000000.0 -23.4127
645000000.0 -23.42948
646000000.0 -23.52111
647000000.0 -23.58428
648000000.0 -23.52681
649000000.0 -23.45927
650000000.0 -23.33605
651000000.0 -23.28432
652000000.0 -23.25311
653000000.0 -23.34293
654000000.0 -23.40331
655000000.0 -23.43396
656000000.0 -23.45222
657000000.0 -23.39646
658000000.0 -23.27374
659000000.0 -23.28543
660000000.0 -23.41679
661000000.0 -23.5338
662000000.0 -23.60903
663000000.0 -23.48599
664000000.0 -23.38194
665000000.0 -23.40021
666000000.0 -23.45518
667000000.0 -23.46353
668000000.0 -23.48009
669000000.0 -23.60152
670000000.0 -23.63492
671000000.0 -23.6838
672000000.0 -23.61376
673000000.0 -23.61516
674000000.0 -23.67256
675000000.0 -23.60872
676000000.0 -23.65664
677000000.0 -23.74045
678000000.0 -23.8221
679000000.0 -23.82092
680000000.0 -23.796
681000000.0 -23.91603
682000000.0 -23.89188
683000000.0 -23.83079
684000000.0 -23.79267
685000000.0 -23.89041
686000000.0 -23.89765
687000000.0 -23.82942
688000000.0 -23.78485
689000000.0 -23.78825
690000000.0 -23.77924
691000000.0 -23.83769
692000000.0 -23.82727
693000000.0 -23.81342
694000000.0 -23.94649
695000000.0 -24.07372
696000000.0 -24.11161
697000000.0 -24.17934
698000000.0 -24.23419
699000000.0 -24.33961
700000000.0 -24.30922
701000000.0 -24.31913
702000000.0 -24.31093
703000000.0 -24.3188
704000000.0 -24.24242
705000000.0 -24.22402
706000000.0 -24.30225
707000000.0 -24.30794
708000000.0 -24.27361
709000000.0 -24.30887
710000000.0 -24.36098
711000000.0 -24.39798
712000000.0 -24.30091
713000000.0 -24.22149
714000000.0 -24.36765
715000000.0 -24.43022
716000000.0 -24.29883
717000000.0 -24.20149
718000000.0 -24.2513
719000000.0 -24.38523
720000000.0 -24.42753
721000000.0 -24.36135
722000000.0 -24.33831
723000000.0 -24.40677
724000000.0 -24.40492
725000000.0 -24.41381
726000000.0 -24.51029
727000000.0 -24.53239
728000000.0 -24.52526
729000000.0 -24.49282
730000000.0 -24.46715
731000000.0 -24.46151
732000000.0 -24.44554
733000000.0 -24.45008
734000000.0 -24.36888
735000000.0 -24.38814
736000000.0 -24.2909
737000000.0 -24.27654
738000000.0 -24.27129
739000000.0 -24.26795
740000000.0 -24.23573
741000000.0 -24.19696
742000000.0 -24.33672
743000000.0 -24.37108
744000000.0 -24.37963
745000000.0 -24.34838
746000000.0 -24.32743
747000000.0 -24.40332
748000000.0 -24.45754
749000000.0 -24.37498
750000000.0 -24.29702
751000000.0 -24.32639
752000000.0 -24.34672
753000000.0 -24.24147
754000000.0 -24.19667
755000000.0 -24.30128
756000000.0 -24.39816
757000000.0 -24.28361
758000000.0 -24.15129
759000000.0 -24.18576
760000000.0 -24.36276
761000000.0 -24.34235
762000000.0 -24.21991
763000000.0 -24.19316
764000000.0 -24.26774
765000000.0 -24.26054
766000000.0 -24.13777
767000000.0 -24.04727
768000000.0 -24.13291
769000000.0 -24.17203
770000000.0 -24.2049
771000000.0 -24.16233
772000000.0 -24.15301
773000000.0 -24.10027
774000000.0 -24.10491
775000000.0 -24.17508
776000000.0 -24.24203
777000000.0 -24.3304
778000000.0 -24.35792
779000000.0 -24.37359
780000000.0 -24.30473
781000000.0 -24.17255
782000000.0 -24.10363
783000000.0 -24.12708
784000000.0 -24.2393
785000000.0 -24.25016
786000000.0 -24.19221
787000000.0 -23.9974
788000000.0 -24.00517
789000000.0 -24.09011
790000000.0 -24.12784
791000000.0 -24.00481
792000000.0 -23.9025
793000000.0 -24.01372
794000000.0 -24.13042
795000000.0 -24.09853
796000000.0 -23.94634
797000000.0 -23.95361
798000000.0 -24.09707
799000000.0 -24.13049
800000000.0 -24.1094
801000000.0 -24.07583
802000000.0 -24.1146
803000000.0 -24.02043
804000000.0 -23.90496
805000000.0 -23.89125
806000000.0 -23.89792
807000000.0 -23.83064
808000000.0 -23.78429
809000000.0 -23.75473
810000000.0 -23.76609
811000000.0 -23.78757
812000000.0 -23.82034
813000000.0 -23.86611
814000000.0 -23.79679
815000000.0 -23.75024
816000000.0 -23.87161
817000000.0 -24.01749
818000000.0 -24.13274
819000000.0 -24.03422
820000000.0 -24.00657
821000000.0 -24.01686
822000000.0 -24.08002
823000000.0 -24.09882
824000000.0 -24.02822
825000000.0 -24.02752
826000000.0 -24.08022
827000000.0 -24.17376
828000000.0 -24.15088
829000000.0 -24.11984
830000000.0 -24.06884
831000000.0 -24.10367
832000000.0 -24.11451
833000000.0 -24.09229
834000000.0 -24.15076
835000000.0 -24.31405
836000000.0 -24.27676
837000000.0 -24.10516
838000000.0 -24.01837
839000000.0 -24.11201
840000000.0 -24.32475
841000000.0 -24.27777
842000000.0 -24.1654
843000000.0 -24.14396
844000000.0 -24.20481
845000000.0 -24.34893
846000000.0 -24.34144
847000000.0 -24.30967
848000000.0 -24.26714
849000000.0 -24.29063
850000000.0 -24.37219
851000000.0 -24.41432
852000000.0 -24.30168
853000000.0 -24.28169
854000000.0 -24.32385
855000000.0 -24.37149
856000000.0 -24.27206
857000000.0 -24.33769
858000000.0 -24.45679
859000000.0 -24.45569
860000000.0 -24.34286
861000000.0 -24.27649
862000000.0 -24.45008
863000000.0 -24.58234
864000000.0 -24.62137
865000000.0 -24.66019
866000000.0 -24.77852
867000000.0 -24.77347
868000000.0 -24.76887
869000000.0 -24.81828
870000000.0 -24.92898
871000000.0 -24.91736
872000000.0 -24.77697
873000000.0 -24.68122
874000000.0 -24.70086
875000000.0 -24.64049
876000000.0 -24.54684
877000000.0 -24.44517
878000000.0 -24.3819
879000000.0 -24.3896
880000000.0 -24.46843
881000000.0 -24.59559
882000000.0 -24.55763
883000000.0 -24.60271
884000000.0 -24.68401
885000000.0 -24.85982
886000000.0 -24.90711
887000000.0 -24.9106
888000000.0 -24.98672
889000000.0 -25.0393
890000000.0 -24.90933
891000000.0 -24.76308
892000000.0 -24.77863
893000000.0 -24.88149
894000000.0 -24.82809
895000000.0 -24.76523
896000000.0 -24.83627
897000000.0 -24.92538
898000000.0 -24.95392
899000000.0 -24.96062
900000000.0 -25.03042
901000000.0 -25.08412
902000000.0 -25.03195
903000000.0 -25.04986
904000000.0 -25.12121
905000000.0 -25.27768
906000000.0 -25.32434
907000000.0 -25.31993
908000000.0 -25.43717
909000000.0 -25.60957
910000000.0 -25.65489
911000000.0 -25.48303
912000000.0 -25.53508
913000000.0 -25.73826
914000000.0 -25.94347
915000000.0 -25.96342
916000000.0 -25.91708
917000000.0 -26.07368
918000000.0 -26.32865
919000000.0 -26.31847
920000000.0 -26.14808
921000000.0 -26.13946
922000000.0 -26.40555
923000000.0 -26.54234
924000000.0 -26.43925
925000000.0 -26.2729
926000000.0 -26.36821
927000000.0 -26.53261
928000000.0 -26.59488
929000000.0 -26.61506
930000000.0 -26.70192
931000000.0 -26.94388
932000000.0 -27.13147
933000000.0 -27.27371
934000000.0 -27.42356
935000000.0 -27.43993
936000000.0 -27.47374
937000000.0 -27.58814
938000000.0 -27.63695
939000000.0 -27.48008
940000000.0 -27.38857
941000000.0 -27.45752
942000000.0 -27.57453
943000000.0 -27.45917
944000000.0 -27.33345
945000000.0 -27.38911
946000000.0 -27.51818
947000000.0 -27.47651
948000000.0 -27.47049
949000000.0 -27.50796
950000000.0 -27.58166
951000000.0 -27.63248
952000000.0 -27.6258
953000000.0 -27.58328
954000000.0 -27.6609
955000000.0 -27.78382
956000000.0 -27.85341
957000000.0 -27.67985
958000000.0 -27.52565
959000000.0 -27.49151
960000000.0 -27.64685
961000000.0 -27.80774
962000000.0 -27.76164
963000000.0 -27.65553
964000000.0 -27.61931
965000000.0 -27.68122
966000000.0 -27.74892
967000000.0 -27.74106
968000000.0 -27.60452
969000000.0 -27.58186
970000000.0 -27.77092
971000000.0 -27.7963
972000000.0 -27.68613
973000000.0 -27.47096
974000000.0 -27.46637
975000000.0 -27.57092
976000000.0 -27.55047
977000000.0 -27.3987
978000000.0 -27.272
979000000.0 -27.3223
980000000.0 -27.56566
981000000.0 -27.52603
982000000.0 -27.48173
983000000.0 -27.40571
984000000.0 -27.52143
985000000.0 -27.56649
986000000.0 -27.48683
987000000.0 -27.33442
988000000.0 -27.35024
989000000.0 -27.25529
990000000.0 -27.31367
991000000.0 -27.21034
992000000.0 -27.18899
993000000.0 -27.15758
994000000.0 -27.19061
995000000.0 -27.11007
996000000.0 -27.09974
997000000.0 -27.10363
998000000.0 -27.12527
999000000.0 -27.19494
1000000000.0 -27.1452
1001000000.0 -27.15958
1002000000.0 -27.17475
1003000000.0 -27.21611
1004000000.0 -27.22194
1005000000.0 -27.14873
1006000000.0 -27.11218
1007000000.0 -27.16217
1008000000.0 -27.22574
1009000000.0 -27.28632
1010000000.0 -27.22301
1011000000.0 -27.2835
1012000000.0 -27.42078
1013000000.0 -27.46915
1014000000.0 -27.41073
1015000000.0 -27.41004
1016000000.0 -27.45469
1017000000.0 -27.46557
1018000000.0 -27.37097
1019000000.0 -27.37665
1020000000.0 -27.51325
1021000000.0 -27.58312
1022000000.0 -27.46933
1023000000.0 -27.29491
1024000000.0 -27.32524
1025000000.0 -27.46498
1026000000.0 -27.38289
1027000000.0 -27.3432
1028000000.0 -27.4721
1029000000.0 -27.57567
1030000000.0 -27.66231
1031000000.0 -27.51824
1032000000.0 -27.48129
1033000000.0 -27.59905
1034000000.0 -27.57499
1035000000.0 -27.41893
1036000000.0 -27.40529
1037000000.0 -27.51159
1038000000.0 -27.51236
1039000000.0 -27.29093
1040000000.0 -27.18509
1041000000.0 -27.34695
1042000000.0 -27.51959
1043000000.0 -27.48258
1044000000.0 -27.35385
1045000000.0 -27.43637
1046000000.0 -27.55828
1047000000.0 -27.50603
1048000000.0 -27.4358
1049000000.0 -27.42279
1050000000.0 -27.51558
1051000000.0 -27.53234
1052000000.0 -27.34855
1053000000.0 -27.3406
1054000000.0 -27.59719
1055000000.0 -27.58919
1056000000.0 -27.46959
1057000000.0 -27.49585
1058000000.0 -27.65511
1059000000.0 -27.74596
1060000000.0 -27.76181
1061000000.0 -27.94108
1062000000.0 -28.16094
1063000000.0 -28.17788
1064000000.0 -27.86341
1065000000.0 -27.79199
1066000000.0 -27.95727
1067000000.0 -28.0161
1068000000.0 -27.81397
1069000000.0 -27.75551
1070000000.0 -27.99723
1071000000.0 -28.1382
1072000000.0 -27.98756
1073000000.0 -27.76474
1074000000.0 -27.83743
1075000000.0 -28.00874
1076000000.0 -27.94786
1077000000.0 -27.92111
1078000000.0 -28.12602
1079000000.0 -28.28749
1080000000.0 -28.18711
1081000000.0 -27.91465
1082000000.0 -27.97736
1083000000.0 -28.19768
1084000000.0 -28.21412
1085000000.0 -28.00189
1086000000.0 -27.91641
1087000000.0 -27.99396
1088000000.0 -27.91815
1089000000.0 -27.62716
1090000000.0 -27.43761
1091000000.0 -27.55126
1092000000.0 -27.58941
1093000000.0 -27.45069
1094000000.0 -27.31398
1095000000.0 -27.52038
1096000000.0 -27.66733
1097000000.0 -27.65593
1098000000.0 -27.52287
1099000000.0 -27.59583
1100000000.0 -27.82849
1101000000.0 -27.81696
1102000000.0 -27.67153
1103000000.0 -27.63027
1104000000.0 -27.80456
1105000000.0 -27.68628
1106000000.0 -27.60039
1107000000.0 -27.72496
1108000000.0 -27.92386
1109000000.0 -27.94259
1110000000.0 -27.83013
1111000000.0 -27.87237
1112000000.0 -28.01134
1113000000.0 -27.89685
1114000000.0 -27.68398
1115000000.0 -27.56429
1116000000.0 -27.8028
1117000000.0 -27.9117
1118000000.0 -27.74989
1119000000.0 -27.66234
1120000000.0 -27.73609
1121000000.0 -27.86994
1122000000.0 -27.74471
1123000000.0 -27.67523
1124000000.0 -27.86743
1125000000.0 -28.23887
1126000000.0 -28.32493
1127000000.0 -28.15771
1128000000.0 -28.09734
1129000000.0 -28.20782
1130000000.0 -28.27242
1131000000.0 -28.07314
1132000000.0 -28.00631
1133000000.0 -28.2201
1134000000.0 -28.34632
1135000000.0 -28.3568
1136000000.0 -28.17513
1137000000.0 -28.08645
1138000000.0 -28.04468
1139000000.0 -28.03605
1140000000.0 -28.1304
1141000000.0 -28.31535
1142000000.0 -28.36322
1143000000.0 -28.21623
1144000000.0 -28.1696
1145000000.0 -28.19844
1146000000.0 -28.26611
1147000000.0 -28.30521
1148000000.0 -28.4332
1149000000.0 -28.61367
1150000000.0 -28.65728
1151000000.0 -28.54695
1152000000.0 -28.35047
1153000000.0 -28.30298
1154000000.0 -28.30931
1155000000.0 -28.21893
1156000000.0 -28.18082
1157000000.0 -28.26709
1158000000.0 -28.37025
1159000000.0 -28.27884
1160000000.0 -28.05798
1161000000.0 -27.97469
1162000000.0 -28.12894
1163000000.0 -28.3027
1164000000.0 -28.39203
1165000000.0 -28.35116
1166000000.0 -28.24407
1167000000.0 -28.18703
1168000000.0 -28.24472
1169000000.0 -28.29232
1170000000.0 -28.25207
1171000000.0 -28.256
1172000000.0 -28.34064
1173000000.0 -28.30133
1174000000.0 -28.31267
1175000000.0 -28.43053
1176000000.0 -28.53004
1177000000.0 -28.66801
1178000000.0 -28.47077
1179000000.0 -28.30298
1180000000.0 -28.2815
1181000000.0 -28.44721
1182000000.0 -28.57894
1183000000.0 -28.55857
1184000000.0 -28.49702
1185000000.0 -28.48981
1186000000.0 -28.52959
1187000000.0 -28.4255
1188000000.0 -28.44651
1189000000.0 -28.37263
1190000000.0 -28.56067
1191000000.0 -28.73482
1192000000.0 -28.81168
1193000000.0 -28.69402
1194000000.0 -28.56738
1195000000.0 -28.58104
1196000000.0 -28.60355
1197000000.0 -28.69236
1198000000.0 -28.8363
1199000000.0 -28.78422
1200000000.0 -28.85904
1201000000.0 -28.80709
1202000000.0 -28.68048
1203000000.0 -28.68591
1204000000.0 -28.81859
1205000000.0 -29.01542
1206000000.0 -28.95093
1207000000.0 -28.80849
1208000000.0 -28.73345
1209000000.0 -28.70935
1210000000.0 -28.74633
1211000000.0 -28.61245
1212000000.0 -28.60176
1213000000.0 -28.76505
1214000000.0 -28.90964
1215000000.0 -28.78579
1216000000.0 -28.74273
1217000000.0 -28.8631
1218000000.0 -29.02609
1219000000.0 -28.98535
1220000000.0 -28.85216
1221000000.0 -28.92435
1222000000.0 -29.19525
1223000000.0 -29.1846
1224000000.0 -29.03405
1225000000.0 -28.95296
1226000000.0 -29.18256
1227000000.0 -29.28958
1228000000.0 -29.20956
1229000000.0 -29.10158
1230000000.0 -29.16614
1231000000.0 -29.3499
1232000000.0 -29.2369
1233000000.0 -29.15933
1234000000.0 -29.18009
1235000000.0 -29.24347
1236000000.0 -29.16595
1237000000.0 -29.05777
1238000000.0 -29.18836
1239000000.0 -29.47943
1240000000.0 -29.44986
1241000000.0 -29.29639
1242000000.0 -29.28076
1243000000.0 -29.58848
1244000000.0 -29.58043
1245000000.0 -29.48085
1246000000.0 -29.29764
1247000000.0 -29.46721
1248000000.0 -29.5352
1249000000.0 -29.30121
1250000000.0 -29.24454
1251000000.0 -29.33352
1252000000.0 -29.39777
1253000000.0 -29.27632
1254000000.0 -29.1431
1255000000.0 -29.34776
1256000000.0 -29.37385
1257000000.0 -29.14934
1258000000.0 -28.93082
1259000000.0 -28.96452
1260000000.0 -29.22363
1261000000.0 -29.08241
1262000000.0 -28.94884
1263000000.0 -29.0642
1264000000.0 -29.3174
1265000000.0 -29.3293
1266000000.0 -29.18686
1267000000.0 -29.26109
1268000000.0 -29.37773
1269000000.0 -29.40537
1270000000.0 -29.29179
1271000000.0 -29.40175
1272000000.0 -29.55523
1273000000.0 -29.46752
1274000000.0 -29.10891
1275000000.0 -28.96123
1276000000.0 -29.13968
1277000000.0 -29.25283
1278000000.0 -29.21246
1279000000.0 -29.05274
1280000000.0 -29.13667
1281000000.0 -29.22202
1282000000.0 -29.09429
1283000000.0 -28.89648
1284000000.0 -29.04787
1285000000.0 -29.26074
1286000000.0 -29.22939
1287000000.0 -29.09744
1288000000.0 -29.20278
1289000000.0 -29.45425
1290000000.0 -29.48728
1291000000.0 -29.4145
1292000000.0 -29.40163
1293000000.0 -29.62467
1294000000.0 -29.6417
1295000000.0 -29.50569
1296000000.0 -29.427
1297000000.0 -29.39037
1298000000.0 -29.42533
1299000000.0 -29.25442
1300000000.0 -29.2732
1301000000.0 -29.38952
1302000000.0 -29.41626
1303000000.0 -29.32709
1304000000.0 -29.23439
1305000000.0 -29.32521
1306000000.0 -29.50429
1307000000.0 -29.42228
1308000000.0 -29.3551
1309000000.0 -29.27808
1310000000.0 -29.43789
1311000000.0 -29.54565
1312000000.0 -29.62683
1313000000.0 -29.61982
1314000000.0 -29.65859
1315000000.0 -29.61205
1316000000.0 -29.60271
1317000000.0 -29.61916
1318000000.0 -29.72595
1319000000.0 -29.72306
1320000000.0 -29.77496
1321000000.0 -29.72954
1322000000.0 -29.70737
1323000000.0 -29.64191
1324000000.0 -29.64015
1325000000.0 -29.68409
1326000000.0 -29.68311
1327000000.0 -29.69237
1328000000.0 -29.76939
1329000000.0 -29.7418
1330000000.0 -29.72065
1331000000.0 -29.63222
1332000000.0 -29.59545
1333000000.0 -29.7
1334000000.0 -29.86839
1335000000.0 -29.83491
1336000000.0 -29.90347
1337000000.0 -29.91511
1338000000.0 -30.00092
1339000000.0 -30.00699
1340000000.0 -29.93299
1341000000.0 -30.09733
1342000000.0 -30.30676
1343000000.0 -30.27939
1344000000.0 -30.18571
1345000000.0 -30.14125
1346000000.0 -30.20658
1347000000.0 -30.20192
1348000000.0 -29.96353
1349000000.0 -30.00216
1350000000.0 -30.11079
1351000000.0 -30.19918
1352000000.0 -29.99385
1353000000.0 -29.83363
1354000000.0 -29.88264
1355000000.0 -30.06221
1356000000.0 -30.08321
1357000000.0 -29.95942
1358000000.0 -30.14934
1359000000.0 -30.32844
1360000000.0 -30.30883
1361000000.0 -30.1822
1362000000.0 -30.2924
1363000000.0 -30.44425
1364000000.0 -30.69568
1365000000.0 -30.51406
1366000000.0 -30.57527
1367000000.0 -30.67666
1368000000.0 -30.5291
1369000000.0 -30.41117
1370000000.0 -30.41199
1371000000.0 -30.55381
1372000000.0 -30.61165
1373000000.0 -30.35088
1374000000.0 -30.25623
1375000000.0 -30.40469
1376000000.0 -30.46976
1377000000.0 -30.22784
1378000000.0 -30.12825
1379000000.0 -30.50907
1380000000.0 -30.88648
1381000000.0 -30.55513
1382000000.0 -30.11722
1383000000.0 -30.15859
1384000000.0 -30.54961
1385000000.0 -30.79022
1386000000.0 -30.62111
1387000000.0 -30.59413
1388000000.0 -30.76502
1389000000.0 -30.97543
1390000000.0 -30.8154
1391000000.0 -30.65807
1392000000.0 -30.80711
1393000000.0 -31.03517
1394000000.0 -31.01512
1395000000.0 -30.8701
1396000000.0 -30.71253
1397000000.0 -30.7056
1398000000.0 -30.60335
1399000000.0 -30.45669
1400000000.0 -30.48981
1401000000.0 -30.55577
1402000000.0 -30.68766
1403000000.0 -30.561
1404000000.0 -30.64974
1405000000.0 -30.69937
1406000000.0 -30.72703
1407000000.0 -30.8011
1408000000.0 -30.91859
1409000000.0 -31.0048
1410000000.0 -31.09194
1411000000.0 -31.1506
1412000000.0 -31.17964
1413000000.0 -31.35469
1414000000.0 -31.37768
1415000000.0 -31.15235
1416000000.0 -31.07224
1417000000.0 -31.09138
1418000000.0 -31.08493
1419000000.0 -31.16587
1420000000.0 -31.01225
1421000000.0 -30.88996
1422000000.0 -30.83379
1423000000.0 -30.69227
1424000000.0 -30.71752
1425000000.0 -30.82456
1426000000.0 -30.83286
1427000000.0 -30.94506
1428000000.0 -31.08744
1429000000.0 -31.07892
1430000000.0 -30.96072
1431000000.0 -30.79587
1432000000.0 -30.90901
1433000000.0 -30.86104
1434000000.0 -30.96702
1435000000.0 -30.92114
1436000000.0 -31.04981
1437000000.0 -31.10832
1438000000.0 -31.00847
1439000000.0 -30.91556
1440000000.0 -30.86642
1441000000.0 -31.04802
1442000000.0 -31.05272
1443000000.0 -31.0496
1444000000.0 -30.89901
1445000000.0 -30.83627
1446000000.0 -30.83355
1447000000.0 -30.7092
1448000000.0 -30.58269
1449000000.0 -30.74988
1450000000.0 -30.82429
1451000000.0 -30.85583
1452000000.0 -30.94467
1453000000.0 -30.93874
1454000000.0 -31.00377
1455000000.0 -30.92373
1456000000.0 -30.85512
1457000000.0 -31.04952
1458000000.0 -31.26901
1459000000.0 -31.31875
1460000000.0 -31.21718
1461000000.0 -31.1438
1462000000.0 -31.1746
1463000000.0 -31.24897
1464000000.0 -31.10925
1465000000.0 -30.99001
1466000000.0 -31.31202
1467000000.0 -31.3941
1468000000.0 -31.27108
1469000000.0 -31.057
1470000000.0 -30.97455
1471000000.0 -31.02546
1472000000.0 -30.85861
1473000000.0 -30.83103
1474000000.0 -30.90333
1475000000.0 -31.00577
1476000000.0 -31.03498
1477000000.0 -30.81865
1478000000.0 -30.75723
1479000000.0 -31.01272
1480000000.0 -31.20408
1481000000.0 -31.04776
1482000000.0 -30.98648
1483000000.0 -31.20688
1484000000.0 -31.40326
1485000000.0 -31.25949
1486000000.0 -31.02212
1487000000.0 -30.96738
1488000000.0 -31.23273
1489000000.0 -31.3333
1490000000.0 -31.14566
1491000000.0 -30.9662
1492000000.0 -31.11978
1493000000.0 -31.34
1494000000.0 -31.1317
1495000000.0 -30.76457
1496000000.0 -30.69575
1497000000.0 -30.8245
1498000000.0 -30.78612
1499000000.0 -30.76989
1500000000.0 -30.75757
1501000000.0 -30.90729
1502000000.0 -30.98616
1503000000.0 -30.82192
1504000000.0 -30.87947
1505000000.0 -31.15168
1506000000.0 -31.37834
1507000000.0 -31.38165
1508000000.0 -31.31278
1509000000.0 -31.44925
1510000000.0 -31.33142
1511000000.0 -31.21631
1512000000.0 -31.01401
1513000000.0 -31.02801
1514000000.0 -31.11466
1515000000.0 -31.10742
1516000000.0 -30.94101
1517000000.0 -30.90633
1518000000.0 -30.89868
1519000000.0 -30.98296
1520000000.0 -30.87405
1521000000.0 -30.99479
1522000000.0 -31.09386
1523000000.0 -31.1888
1524000000.0 -31.06101
1525000000.0 -30.94972
1526000000.0 -30.92773
1527000000.0 -30.95551
1528000000.0 -31.11728
1529000000.0 -31.20225
1530000000.0 -31.1296
1531000000.0 -31.31426
1532000000.0 -31.21062
1533000000.0 -31.22108
1534000000.0 -31.22618
1535000000.0 -31.27605
1536000000.0 -31.35933
1537000000.0 -31.30355
1538000000.0 -31.12884
1539000000.0 -31.08595
1540000000.0 -31.06419
1541000000.0 -30.91544
1542000000.0 -30.84253
1543000000.0 -30.8313
1544000000.0 -30.88057
1545000000.0 -30.90622
1546000000.0 -30.91089
1547000000.0 -30.8281
1548000000.0 -30.85278
1549000000.0 -30.87009
1550000000.0 -30.97754
1551000000.0 -31.04298
1552000000.0 -31.18686
1553000000.0 -31.20957
1554000000.0 -31.29606
1555000000.0 -31.30708
1556000000.0 -31.47291
1557000000.0 -31.60456
1558000000.0 -31.59383
1559000000.0 -31.55876
1560000000.0 -31.44622
1561000000.0 -31.20558
1562000000.0 -31.13655
1563000000.0 -31.10602
1564000000.0 -31.00231
1565000000.0 -30.83599
1566000000.0 -30.87382
1567000000.0 -30.80014
1568000000.0 -30.87536
1569000000.0 -30.97308
1570000000.0 -31.01724
1571000000.0 -31.02027
1572000000.0 -31.15476
1573000000.0 -31.17708
1574000000.0 -31.24124
1575000000.0 -31.12716
1576000000.0 -31.23243
1577000000.0 -31.14242
1578000000.0 -31.11266
1579000000.0 -31.19216
1580000000.0 -31.38597
1581000000.0 -31.45838
1582000000.0 -31.41288
1583000000.0 -31.40192
1584000000.0 -31.47666
1585000000.0 -31.48999
1586000000.0 -31.41306
1587000000.0 -31.25006
1588000000.0 -31.30836
1589000000.0 -31.33342
1590000000.0 -31.34756
1591000000.0 -31.29103
1592000000.0 -31.2241
1593000000.0 -31.26853
1594000000.0 -31.17091
1595000000.0 -31.13091
1596000000.0 -31.12113
1597000000.0 -31.36111
1598000000.0 -31.49133
1599000000.0 -31.55662
1600000000.0 -31.60539
1601000000.0 -31.78283
1602000000.0 -32.17787
1603000000.0 -32.01644
1604000000.0 -32.13532
1605000000.0 -32.22448
1606000000.0 -32.57719
1607000000.0 -32.58251
1608000000.0 -32.46446
1609000000.0 -32.3213
1610000000.0 -32.23649
1611000000.0 -32.14141
1612000000.0 -31.77874
1613000000.0 -31.52795
1614000000.0 -31.65716
1615000000.0 -31.74743
1616000000.0 -31.56023
1617000000.0 -31.2933
1618000000.0 -31.27766
1619000000.0 -31.51155
1620000000.0 -31.6006
1621000000.0 -31.64336
1622000000.0 -31.81026
1623000000.0 -32.06524
1624000000.0 -32.37987
1625000000.0 -32.2207
1626000000.0 -32.11547
1627000000.0 -32.21151
1628000000.0 -32.26754
1629000000.0 -32.22228
1630000000.0 -32.17123
1631000000.0 -32.22056
1632000000.0 -32.15504
1633000000.0 -31.90338
1634000000.0 -31.62386
1635000000.0 -31.71841
1636000000.0 -31.73647
1637000000.0 -31.66715
1638000000.0 -31.51839
1639000000.0 -31.36219
1640000000.0 -31.48519
1641000000.0 -31.55969
1642000000.0 -31.66026
1643000000.0 -31.7536
1644000000.0 -31.75961
1645000000.0 -31.82716
1646000000.0 -31.93455
1647000000.0 -32.1841
1648000000.0 -32.53577
1649000000.0 -32.54418
1650000000.0 -32.43656
1651000000.0 -32.55306
1652000000.0 -32.75344
1653000000.0 -33.04063
1654000000.0 -32.85174
1655000000.0 -32.74884
1656000000.0 -32.68856
1657000000.0 -32.6727
1658000000.0 -32.36864
1659000000.0 -32.27311
1660000000.0 -32.21135
1661000000.0 -32.16511
1662000000.0 -32.08426
1663000000.0 -31.9551
1664000000.0 -32.07057
1665000000.0 -32.14018
1666000000.0 -32.17466
1667000000.0 -32.10443
1668000000.0 -32.37855
1669000000.0 -32.80351
1670000000.0 -32.94719
1671000000.0 -32.93501
1672000000.0 -32.99495
1673000000.0 -33.14124
1674000000.0 -33.29641
1675000000.0 -33.2273
1676000000.0 -33.30877
1677000000.0 -33.48744
1678000000.0 -33.46795
1679000000.0 -33.21437
1680000000.0 -33.02773
1681000000.0 -33.03314
1682000000.0 -32.81575
1683000000.0 -32.63233
1684000000.0 -32.69103
1685000000.0 -32.66232
1686000000.0 -32.77686
1687000000.0 -32.58531
1688000000.0 -32.63202
1689000000.0 -32.65771
1690000000.0 -32.67588
1691000000.0 -32.68897
1692000000.0 -32.81965
1693000000.0 -33.09406
1694000000.0 -33.17215
1695000000.0 -33.1847
1696000000.0 -33.06783
1697000000.0 -32.9884
1698000000.0 -33.13934
1699000000.0 -33.35094
1700000000.0 -33.25948
1701000000.0 -33.18961
1702000000.0 -33.33232
1703000000.0 -33.48738
1704000000.0 -33.2589
1705000000.0 -33.12664
1706000000.0 -33.11674
1707000000.0 -33.13463
1708000000.0 -33.13131
1709000000.0 -33.07564
1710000000.0 -32.99894
1711000000.0 -32.99847
1712000000.0 -32.96997
1713000000.0 -32.81839
1714000000.0 -32.76817
1715000000.0 -32.87948
1716000000.0 -33.0829
1717000000.0 -33.19208
1718000000.0 -33.13346
1719000000.0 -33.26939
1720000000.0 -33.36002
1721000000.0 -33.38874
1722000000.0 -33.50421
1723000000.0 -33.59211
1724000000.0 -33.62061
1725000000.0 -33.8363
1726000000.0 -33.8026
1727000000.0 -33.89651
1728000000.0 -33.96762
1729000000.0 -33.80733
1730000000.0 -33.78331
1731000000.0 -33.71979
1732000000.0 -33.65847
1733000000.0 -33.72987
1734000000.0 -33.59826
1735000000.0 -33.44638
1736000000.0 -33.38971
1737000000.0 -33.34037
1738000000.0 -33.47851
1739000000.0 -33.4403
1740000000.0 -33.36395
1741000000.0 -33.55119
1742000000.0 -33.63324
1743000000.0 -33.87632
1744000000.0 -33.94791
1745000000.0 -34.06489
1746000000.0 -34.01766
1747000000.0 -34.02248
1748000000.0 -34.13512
1749000000.0 -34.23402
1750000000.0 -34.29071
1751000000.0 -34.18911
1752000000.0 -34.17701
1753000000.0 -34.12465
1754000000.0 -34.10855
1755000000.0 -33.9024
1756000000.0 -33.85665
1757000000.0 -33.91739
1758000000.0 -33.89692
1759000000.0 -33.77657
1760000000.0 -33.69495
1761000000.0 -33.78005
1762000000.0 -33.79206
1763000000.0 -33.70418
1764000000.0 -33.66508
1765000000.0 -33.72951
1766000000.0 -33.95314
1767000000.0 -34.23215
1768000000.0 -34.20967
1769000000.0 -34.11633
1770000000.0 -34.15734
1771000000.0 -34.38297
1772000000.0 -34.5457
1773000000.0 -34.55203
1774000000.0 -34.41085
1775000000.0 -34.56104
1776000000.0 -34.63604
1777000000.0 -34.4842
1778000000.0 -34.26622
1779000000.0 -34.25505
1780000000.0 -34.15748
1781000000.0 -34.11892
1782000000.0 -33.92048
1783000000.0 -33.96682
1784000000.0 -34.12815
1785000000.0 -33.97652
1786000000.0 -33.86163
1787000000.0 -33.82982
1788000000.0 -34.14132
1789000000.0 -34.37248
1790000000.0 -34.14524
1791000000.0 -34.3159
1792000000.0 -34.51458
1793000000.0 -34.6699
1794000000.0 -34.52053
1795000000.0 -34.5441
1796000000.0 -34.61039
1797000000.0 -34.89911
1798000000.0 -34.75112
1799000000.0 -34.6396
1800000000.0 -34.51751
1801000000.0 -34.54537
1802000000.0 -34.37696
1803000000.0 -34.13622
1804000000.0 -34.08595
1805000000.0 -34.14298
1806000000.0 -34.27923
1807000000.0 -34.0425
1808000000.0 -33.9141
1809000000.0 -33.87714
1810000000.0 -34.05
1811000000.0 -34.07574
1812000000.0 -34.11515
1813000000.0 -34.12511
1814000000.0 -34.35957
1815000000.0 -34.47692
1816000000.0 -34.49443
1817000000.0 -34.52109
1818000000.0 -34.6107
1819000000.0 -34.60389
1820000000.0 -34.65855
1821000000.0 -34.61226
1822000000.0 -34.71728
1823000000.0 -34.8591
1824000000.0 -34.74623
1825000000.0 -34.61616
1826000000.0 -34.51929
1827000000.0 -34.51612
1828000000.0 -34.57502
1829000000.0 -34.49778
1830000000.0 -34.31005
1831000000.0 -34.18355
1832000000.0 -34.23906
1833000000.0 -34.34628
1834000000.0 -34.30263
1835000000.0 -34.28829
1836000000.0 -34.37893
1837000000.0 -34.59969
1838000000.0 -34.64787
1839000000.0 -34.69224
1840000000.0 -34.6209
1841000000.0 -34.62132
1842000000.0 -34.83842
1843000000.0 -34.80342
1844000000.0 -34.87011
1845000000.0 -34.88889
1846000000.0 -34.86202
1847000000.0 -34.77089
1848000000.0 -34.76735
1849000000.0 -34.81205
1850000000.0 -34.7957
1851000000.0 -34.64479
1852000000.0 -34.60136
1853000000.0 -34.65991
1854000000.0 -34.78098
1855000000.0 -34.53224
1856000000.0 -34.42339
1857000000.0 -34.5129
1858000000.0 -34.84806
1859000000.0 -34.7473
1860000000.0 -34.45433
1861000000.0 -34.58971
1862000000.0 -35.01038
1863000000.0 -35.15405
1864000000.0 -34.74902
1865000000.0 -34.68567
1866000000.0 -35.09034
1867000000.0 -35.56585
1868000000.0 -35.28013
1869000000.0 -34.86694
1870000000.0 -35.10966
1871000000.0 -35.60676
1872000000.0 -35.37632
1873000000.0 -34.82063
1874000000.0 -34.83212
1875000000.0 -35.22478
1876000000.0 -35.36132
1877000000.0 -34.75788
1878000000.0 -34.5389
1879000000.0 -34.99452
1880000000.0 -35.30586
1881000000.0 -35.01228
1882000000.0 -34.66751
1883000000.0 -34.76449
1884000000.0 -35.24276
1885000000.0 -35.2988
1886000000.0 -35.04952
1887000000.0 -35.29539
1888000000.0 -35.6659
1889000000.0 -35.7172
1890000000.0 -35.49263
1891000000.0 -35.459
1892000000.0 -35.67859
1893000000.0 -35.76419
1894000000.0 -35.66293
1895000000.0 -35.70081
1896000000.0 -35.57696
1897000000.0 -35.56739
1898000000.0 -35.42659
1899000000.0 -35.23571
1900000000.0 -35.35449
1901000000.0 -35.4203
1902000000.0 -35.33802
1903000000.0 -35.26428
1904000000.0 -35.13325
1905000000.0 -35.44032
1906000000.0 -35.22788
1907000000.0 -35.35903
1908000000.0 -35.44482
1909000000.0 -35.67914
1910000000.0 -35.68697
1911000000.0 -35.83488
1912000000.0 -35.91294
1913000000.0 -36.14625
1914000000.0 -36.07372
1915000000.0 -36.14591
1916000000.0 -36.13943
1917000000.0 -36.26671
1918000000.0 -36.07676
1919000000.0 -35.94401
1920000000.0 -35.82502
1921000000.0 -36.02432
1922000000.0 -35.94809
1923000000.0 -35.60479
1924000000.0 -35.76846
1925000000.0 -35.80696
1926000000.0 -35.7001
1927000000.0 -35.4867
1928000000.0 -35.55371
1929000000.0 -35.78684
1930000000.0 -35.87103
1931000000.0 -36.00193
1932000000.0 -35.8098
1933000000.0 -35.99212
1934000000.0 -36.19806
1935000000.0 -36.25963
1936000000.0 -36.33936
1937000000.0 -36.54288
1938000000.0 -36.88703
1939000000.0 -36.88297
1940000000.0 -36.58739
1941000000.0 -36.49996
1942000000.0 -36.78812
1943000000.0 -36.94103
1944000000.0 -36.40194
1945000000.0 -36.43267
1946000000.0 -36.57037
1947000000.0 -36.66418
1948000000.0 -36.31456
1949000000.0 -36.06945
1950000000.0 -36.24601
1951000000.0 -36.62055
1952000000.0 -36.65476
1953000000.0 -36.32299
1954000000.0 -36.25024
1955000000.0 -36.79404
1956000000.0 -37.05965
1957000000.0 -36.83729
1958000000.0 -36.70903
1959000000.0 -37.0289
1960000000.0 -37.45282
1961000000.0 -37.45547
1962000000.0 -37.37361
1963000000.0 -37.3965
1964000000.0 -37.72439
1965000000.0 -37.58708
1966000000.0 -37.46725
1967000000.0 -37.43118
1968000000.0 -37.6192
1969000000.0 -37.36226
1970000000.0 -37.36255
1971000000.0 -37.40719
1972000000.0 -37.36161
1973000000.0 -37.09387
1974000000.0 -37.02988
1975000000.0 -37.04334
1976000000.0 -37.46223
1977000000.0 -37.23627
1978000000.0 -37.23956
1979000000.0 -37.9677
1980000000.0 -38.30272
1981000000.0 -37.92138
1982000000.0 -37.34812
1983000000.0 -37.64034
1984000000.0 -38.23508
1985000000.0 -38.38198
1986000000.0 -37.81429
1987000000.0 -37.80698
1988000000.0 -38.44827
1989000000.0 -38.52089
1990000000.0 -37.80583
1991000000.0 -37.47886
1992000000.0 -38.14511
1993000000.0 -38.46657
1994000000.0 -38.01417
1995000000.0 -37.45797
1996000000.0 -37.82648
1997000000.0 -37.98219
1998000000.0 -37.63662
1999000000.0 -37.09084
2000000000.0 -37.363
2001000000.0 -37.30273
2002000000.0 -37.94943
2003000000.0 -37.83412
2004000000.0 -37.43128
2005000000.0 -37.69104
2006000000.0 -38.25422
2007000000.0 -38.44638
2008000000.0 -37.65742
2009000000.0 -37.8797
2010000000.0 -38.6008
2011000000.0 -38.66723
2012000000.0 -38.27966
2013000000.0 -38.26212
2014000000.0 -38.89611
2015000000.0 -38.86043
2016000000.0 -37.99278
2017000000.0 -37.93029
2018000000.0 -38.40317
2019000000.0 -38.57793
2020000000.0 -37.9012
2021000000.0 -37.5409
2022000000.0 -37.80112
2023000000.0 -38.17458
2024000000.0 -37.26637
2025000000.0 -36.89077
2026000000.0 -37.36753
2027000000.0 -37.84568
2028000000.0 -37.69281
2029000000.0 -37.46746
2030000000.0 -37.95062
2031000000.0 -38.63751
2032000000.0 -38.57166
2033000000.0 -37.97395
2034000000.0 -38.1789
2035000000.0 -38.78507
2036000000.0 -38.57491
2037000000.0 -38.12346
2038000000.0 -38.25719
2039000000.0 -38.92501
2040000000.0 -38.42811
2041000000.0 -37.69685
2042000000.0 -38.04895
2043000000.0 -38.65682
2044000000.0 -38.125
2045000000.0 -37.40342
2046000000.0 -37.32232
2047000000.0 -38.29427
2048000000.0 -37.91631
2049000000.0 -37.0839
2050000000.0 -36.77635
2051000000.0 -37.77201
2052000000.0 -38.2893
2053000000.0 -37.7716
2054000000.0 -37.44152
2055000000.0 -37.82102
2056000000.0 -38.72193
2057000000.0 -38.34232
2058000000.0 -37.93986
2059000000.0 -38.53119
2060000000.0 -39.03509
2061000000.0 -38.85563
2062000000.0 -38.2512
2063000000.0 -38.5952
2064000000.0 -38.82679
2065000000.0 -38.24231
2066000000.0 -37.7782
2067000000.0 -38.00833
2068000000.0 -38.44738
2069000000.0 -38.21009
2070000000.0 -37.40905
2071000000.0 -37.5784
2072000000.0 -37.88505
2073000000.0 -37.52261
2074000000.0 -37.00615
2075000000.0 -37.31255
2076000000.0 -38.03169
2077000000.0 -38.17176
2078000000.0 -37.36095
2079000000.0 -37.58872
2080000000.0 -38.34895
2081000000.0 -38.8148
2082000000.0 -38.53862
2083000000.0 -38.5902
2084000000.0 -39.05206
2085000000.0 -39.11918
2086000000.0 -38.3226
2087000000.0 -38.14774
2088000000.0 -38.60958
2089000000.0 -38.50548
2090000000.0 -37.97954
2091000000.0 -37.72293
2092000000.0 -38.16321
2093000000.0 -38.15266
2094000000.0 -37.35631
2095000000.0 -36.95733
2096000000.0 -37.50407
2097000000.0 -37.87841
2098000000.0 -37.48304
2099000000.0 -37.12233
2100000000.0 -37.52783
2101000000.0 -38.02272
2102000000.0 -37.74667
2103000000.0 -37.64982
2104000000.0 -37.84013
2105000000.0 -38.57251
2106000000.0 -38.39733
2107000000.0 -38.11531
2108000000.0 -38.59136
2109000000.0 -38.96973
2110000000.0 -38.76411
2111000000.0 -38.00993
2112000000.0 -38.03214
2113000000.0 -38.66599
2114000000.0 -38.14935
2115000000.0 -37.64999
2116000000.0 -37.58595
2117000000.0 -38.02098
2118000000.0 -37.73708
2119000000.0 -37.27449
2120000000.0 -37.12032
2121000000.0 -37.48334
2122000000.0 -37.68755
2123000000.0 -37.3174
2124000000.0 -37.41663
2125000000.0 -37.66612
2126000000.0 -37.86672
2127000000.0 -37.79718
2128000000.0 -37.82906
2129000000.0 -38.20176
2130000000.0 -38.87855
2131000000.0 -38.7526
2132000000.0 -38.89564
2133000000.0 -39.32583
2134000000.0 -39.04988
2135000000.0 -38.68497
2136000000.0 -38.55415
2137000000.0 -38.71631
2138000000.0 -38.48873
2139000000.0 -38.08129
2140000000.0 -38.16154
2141000000.0 -38.37456
2142000000.0 -38.12363
2143000000.0 -37.48327
2144000000.0 -37.6044
2145000000.0 -37.78856
2146000000.0 -37.84856
2147000000.0 -37.57275
2148000000.0 -37.66669
2149000000.0 -38.27317
2150000000.0 -38.72228
2151000000.0 -37.98355
2152000000.0 -37.73849
2153000000.0 -38.60482
2154000000.0 -39.54857
2155000000.0 -39.0966
2156000000.0 -38.59309
2157000000.0 -38.98235
2158000000.0 -39.51947
2159000000.0 -39.19011
2160000000.0 -38.53271
2161000000.0 -38.78656
2162000000.0 -39.29565
2163000000.0 -38.80164
2164000000.0 -38.05454
2165000000.0 -37.99069
2166000000.0 -38.36688
2167000000.0 -38.29844
2168000000.0 -37.75545
2169000000.0 -37.51439
2170000000.0 -37.87199
2171000000.0 -38.13295
2172000000.0 -37.63232
2173000000.0 -37.52399
2174000000.0 -37.92307
2175000000.0 -38.46756
2176000000.0 -38.31663
2177000000.0 -38.35408
2178000000.0 -38.78136
2179000000.0 -38.86673
2180000000.0 -38.84066
2181000000.0 -38.57462
2182000000.0 -39.32962
2183000000.0 -39.26289
2184000000.0 -38.97305
2185000000.0 -38.79081
2186000000.0 -39.12937
2187000000.0 -38.88719
2188000000.0 -38.24252
2189000000.0 -38.22407
2190000000.0 -38.54713
2191000000.0 -38.75761
2192000000.0 -38.06213
2193000000.0 -37.77001
2194000000.0 -38.20507
2195000000.0 -38.75581
2196000000.0 -38.49488
2197000000.0 -37.92387
2198000000.0 -38.04654
2199000000.0 -38.61872
2200000000.0 -38.93362
2201000000.0 -38.54216
2202000000.0 -38.76553
2203000000.0 -39.26685
2204000000.0 -39.40124
2205000000.0 -39.14694
2206000000.0 -39.13028
2207000000.0 -39.50267
2208000000.0 -39.52872
2209000000.0 -39.0509
2210000000.0 -39.19123
2211000000.0 -39.47829
2212000000.0 -39.19359
2213000000.0 -38.70622
2214000000.0 -38.59111
2215000000.0 -38.958
2216000000.0 -38.93792
2217000000.0 -38.43685
2218000000.0 -38.53169
2219000000.0 -38.73501
2220000000.0 -38.82591
2221000000.0 -38.60403
2222000000.0 -38.38863
2223000000.0 -38.78897
2224000000.0 -39.29351
2225000000.0 -39.07333
2226000000.0 -39.11017
2227000000.0 -39.41624
2228000000.0 -39.8054
2229000000.0 -39.43183
2230000000.0 -39.37471
2231000000.0 -39.85347
2232000000.0 -40.0656
2233000000.0 -39.77304
2234000000.0 -39.23632
2235000000.0 -39.31111
2236000000.0 -39.511
2237000000.0 -39.00383
2238000000.0 -38.73866
2239000000.0 -38.88781
2240000000.0 -39.1872
2241000000.0 -38.96635
2242000000.0 -38.52908
2243000000.0 -38.45206
2244000000.0 -38.88615
2245000000.0 -38.99473
2246000000.0 -38.59314
2247000000.0 -38.60835
2248000000.0 -39.28464
2249000000.0 -39.4539
2250000000.0 -39.06637
2251000000.0 -38.88778
2252000000.0 -39.73114
2253000000.0 -40.00098
2254000000.0 -39.80862
2255000000.0 -39.79464
2256000000.0 -40.12848
2257000000.0 -40.31866
2258000000.0 -39.90289
2259000000.0 -39.35779
2260000000.0 -39.62639
2261000000.0 -39.92062
2262000000.0 -39.45073
2263000000.0 -39.14349
2264000000.0 -39.25974
2265000000.0 -39.53778
2266000000.0 -39.38083
2267000000.0 -38.77504
2268000000.0 -38.87923
2269000000.0 -39.3633
2270000000.0 -39.55101
2271000000.0 -39.35212
2272000000.0 -39.3435
2273000000.0 -39.75078
2274000000.0 -40.01305
2275000000.0 -39.8693
2276000000.0 -39.85093
2277000000.0 -39.97989
2278000000.0 -40.54489
2279000000.0 -40.35158
2280000000.0 -40.17412
2281000000.0 -40.23564
2282000000.0 -40.37323
2283000000.0 -40.14637
2284000000.0 -39.84147
2285000000.0 -39.45929
2286000000.0 -39.61272
2287000000.0 -39.7559
2288000000.0 -39.7063
2289000000.0 -39.75257
2290000000.0 -39.66676
2291000000.0 -39.4133
2292000000.0 -39.57958
2293000000.0 -39.58403
2294000000.0 -39.59695
2295000000.0 -39.55112
2296000000.0 -39.90351
2297000000.0 -40.03926
2298000000.0 -40.05404
2299000000.0 -39.92271
2300000000.0 -40.28326
2301000000.0 -40.40503
2302000000.0 -40.34371
2303000000.0 -40.18074
2304000000.0 -40.18058
2305000000.0 -40.56674
2306000000.0 -40.32545
2307000000.0 -39.89452
2308000000.0 -39.57603
2309000000.0 -40.15929
2310000000.0 -40.25534
2311000000.0 -39.7654
2312000000.0 -39.30053
2313000000.0 -39.73569
2314000000.0 -40.04435
2315000000.0 -39.92488
2316000000.0 -39.27617
2317000000.0 -39.6011
2318000000.0 -40.20284
2319000000.0 -40.24065
2320000000.0 -39.73602
2321000000.0 -39.73156
2322000000.0 -40.36078
2323000000.0 -40.8737
2324000000.0 -40.26265
2325000000.0 -39.94489
2326000000.0 -40.42719
2327000000.0 -40.90552
2328000000.0 -40.50942
2329000000.0 -39.94884
2330000000.0 -40.17862
2331000000.0 -40.73446
2332000000.0 -40.43948
2333000000.0 -39.66198
2334000000.0 -39.88832
2335000000.0 -40.14785
2336000000.0 -40.05431
2337000000.0 -39.68906
2338000000.0 -39.56585
2339000000.0 -40.0564
2340000000.0 -40.41463
2341000000.0 -40.02261
2342000000.0 -39.9557
2343000000.0 -40.57386
2344000000.0 -40.70628
2345000000.0 -40.44415
2346000000.0 -40.10686
2347000000.0 -40.99924
2348000000.0 -40.89856
2349000000.0 -40.25609
2350000000.0 -40.42403
2351000000.0 -41.00735
2352000000.0 -41.08086
2353000000.0 -40.49503
2354000000.0 -39.97673
2355000000.0 -40.67209
2356000000.0 -40.85183
2357000000.0 -40.19933
2358000000.0 -39.82412
2359000000.0 -40.41511
2360000000.0 -40.88323
2361000000.0 -39.977
2362000000.0 -39.45083
2363000000.0 -39.84549
2364000000.0 -40.77462
2365000000.0 -40.23666
2366000000.0 -39.49968
2367000000.0 -39.77175
2368000000.0 -40.88403
2369000000.0 -41.01262
2370000000.0 -39.74105
2371000000.0 -39.84791
2372000000.0 -40.9145
2373000000.0 -41.2616
2374000000.0 -40.34078
2375000000.0 -40.106
2376000000.0 -41.05422
2377000000.0 -41.63801
2378000000.0 -40.53515
2379000000.0 -40.15115
2380000000.0 -40.87469
2381000000.0 -41.38347
2382000000.0 -40.27744
2383000000.0 -39.67058
2384000000.0 -40.34141
2385000000.0 -41.26179
2386000000.0 -40.45266
2387000000.0 -39.69905
2388000000.0 -40.06308
2389000000.0 -40.99
2390000000.0 -40.90287
2391000000.0 -39.97948
2392000000.0 -40.39429
2393000000.0 -41.18655
2394000000.0 -41.22871
2395000000.0 -40.26228
2396000000.0 -40.67807
2397000000.0 -41.40097
2398000000.0 -41.24842
2399000000.0 -40.7167
2400000000.0 -40.83171
2401000000.0 -41.44238
2402000000.0 -41.59679
2403000000.0 -40.79571
2404000000.0 -40.84945
2405000000.0 -41.32731
2406000000.0 -41.21075
2407000000.0 -40.65467
2408000000.0 -40.25893
2409000000.0 -40.96189
2410000000.0 -41.22586
2411000000.0 -40.47681
2412000000.0 -40.05615
2413000000.0 -41.03574
2414000000.0 -41.47979
2415000000.0 -40.73987
2416000000.0 -40.33891
2417000000.0 -41.00768
2418000000.0 -41.66375
2419000000.0 -41.3187
2420000000.0 -40.70149
2421000000.0 -41.17104
2422000000.0 -41.6289
2423000000.0 -41.24537
2424000000.0 -40.50087
2425000000.0 -40.95908
2426000000.0 -41.64219
2427000000.0 -41.14809
2428000000.0 -40.39441
2429000000.0 -40.7247
2430000000.0 -41.38968
2431000000.0 -40.97553
2432000000.0 -39.89346
2433000000.0 -40.3552
2434000000.0 -41.46208
2435000000.0 -41.10655
2436000000.0 -40.022
2437000000.0 -40.00274
2438000000.0 -41.09954
2439000000.0 -41.38463
2440000000.0 -40.22358
2441000000.0 -39.94207
2442000000.0 -41.06213
2443000000.0 -42.13219
2444000000.0 -41.12266
2445000000.0 -40.33926
2446000000.0 -40.95541
2447000000.0 -41.84241
2448000000.0 -41.18072
2449000000.0 -40.26971
2450000000.0 -40.64365
2451000000.0 -41.55295
2452000000.0 -41.20108
2453000000.0 -40.64142
2454000000.0 -40.52789
2455000000.0 -41.21606
2456000000.0 -41.15711
2457000000.0 -40.48029
2458000000.0 -40.44126
2459000000.0 -41.06003
2460000000.0 -41.14554
2461000000.0 -40.58224
2462000000.0 -40.79677
2463000000.0 -41.18921
2464000000.0 -41.26854
2465000000.0 -40.60477
2466000000.0 -40.57181
2467000000.0 -41.38984
2468000000.0 -41.83692
2469000000.0 -41.16918
2470000000.0 -40.7941
2471000000.0 -41.26892
2472000000.0 -41.49227
2473000000.0 -40.83133
2474000000.0 -40.51139
2475000000.0 -40.68278
2476000000.0 -41.43373
2477000000.0 -41.0972
2478000000.0 -40.83855
2479000000.0 -40.84789
2480000000.0 -41.2604
2481000000.0 -41.13609
2482000000.0 -40.72823
2483000000.0 -40.57268
2484000000.0 -40.74035
2485000000.0 -41.12281
2486000000.0 -40.88039
2487000000.0 -41.0364
2488000000.0 -40.9544
2489000000.0 -41.20814
2490000000.0 -40.9638
2491000000.0 -41.05275
2492000000.0 -41.22063
2493000000.0 -40.99583
2494000000.0 -40.87016
2495000000.0 -41.14357
2496000000.0 -41.52776
2497000000.0 -41.52847
2498000000.0 -41.02471
2499000000.0 -41.02998
2500000000.0 -41.61734
2501000000.0 -41.57321
2502000000.0 -40.84875
2503000000.0 -40.68543
2504000000.0 -41.24755
2505000000.0 -41.7466
2506000000.0 -41.22446
2507000000.0 -40.81162
2508000000.0 -40.94756
2509000000.0 -41.46412
2510000000.0 -41.41639
2511000000.0 -40.77341
2512000000.0 -40.81718
2513000000.0 -41.45094
2514000000.0 -41.45591
2515000000.0 -41.15893
2516000000.0 -41.00056
2517000000.0 -41.1944
2518000000.0 -41.43511
2519000000.0 -41.20271
2520000000.0 -41.13861
2521000000.0 -41.30569
2522000000.0 -41.51148
2523000000.0 -41.55307
2524000000.0 -41.47565
2525000000.0 -41.22002
2526000000.0 -41.3439
2527000000.0 -41.37989
2528000000.0 -41.0686
2529000000.0 -40.97009
2530000000.0 -41.00782
2531000000.0 -41.28308
2532000000.0 -41.36973
2533000000.0 -41.3281
2534000000.0 -41.00521
2535000000.0 -41.10663
2536000000.0 -41.46961
2537000000.0 -41.32574
2538000000.0 -41.09657
2539000000.0 -40.88357
2540000000.0 -41.59572
2541000000.0 -41.9571
2542000000.0 -41.51527
2543000000.0 -40.56737
2544000000.0 -40.83689
2545000000.0 -41.7855
2546000000.0 -41.85172
2547000000.0 -40.76931
2548000000.0 -40.64579
2549000000.0 -41.32149
2550000000.0 -42.04102
2551000000.0 -40.80384
2552000000.0 -40.15575
2553000000.0 -40.80597
2554000000.0 -41.88362
2555000000.0 -41.40604
2556000000.0 -40.437
2557000000.0 -40.51846
2558000000.0 -41.68119
2559000000.0 -41.97314
2560000000.0 -40.85168
2561000000.0 -40.50169
2562000000.0 -41.39844
2563000000.0 -42.27943
2564000000.0 -41.25328
2565000000.0 -40.75881
2566000000.0 -41.66578
2567000000.0 -42.45444
2568000000.0 -41.60312
2569000000.0 -40.71394
2570000000.0 -41.21798
2571000000.0 -42.26254
2572000000.0 -41.73197
2573000000.0 -40.84775
2574000000.0 -41.28106
2575000000.0 -42.09214
2576000000.0 -41.72365
2577000000.0 -40.91996
2578000000.0 -40.89534
2579000000.0 -42.07094
2580000000.0 -42.29312
2581000000.0 -41.3945
2582000000.0 -41.28009
2583000000.0 -42.29665
2584000000.0 -42.40807
2585000000.0 -40.94692
2586000000.0 -40.85192
2587000000.0 -42.30206
2588000000.0 -42.79052
2589000000.0 -41.39753
2590000000.0 -40.92112
2591000000.0 -41.86288
2592000000.0 -42.6247
2593000000.0 -41.59116
2594000000.0 -40.52657
2595000000.0 -41.29563
2596000000.0 -42.9105
2597000000.0 -41.9207
2598000000.0 -40.89609
2599000000.0 -41.45412
2600000000.0 -42.59827
2601000000.0 -41.6366
2602000000.0 -40.89991
2603000000.0 -41.45181
2604000000.0 -42.71519
2605000000.0 -42.13167
2606000000.0 -40.80527
2607000000.0 -41.09632
2608000000.0 -42.47409
2609000000.0 -42.02546
2610000000.0 -40.58918
2611000000.0 -40.6375
2612000000.0 -42.40626
2613000000.0 -42.79112
2614000000.0 -41.1176
2615000000.0 -40.33856
2616000000.0 -41.58778
2617000000.0 -42.88685
2618000000.0 -41.75261
2619000000.0 -40.93751
2620000000.0 -41.51357
2621000000.0 -42.94857
2622000000.0 -42.32485
2623000000.0 -41.25774
2624000000.0 -41.63857
2625000000.0 -42.76955
2626000000.0 -42.13731
2627000000.0 -41.64849
2628000000.0 -41.86162
2629000000.0 -43.17548
2630000000.0 -42.4784
2631000000.0 -41.48929
2632000000.0 -41.66791
2633000000.0 -42.66357
2634000000.0 -42.3474
2635000000.0 -41.23999
2636000000.0 -41.56447
2637000000.0 -42.45146
2638000000.0 -42.3671
2639000000.0 -41.35526
2640000000.0 -41.40746
2641000000.0 -42.54631
2642000000.0 -42.47613
2643000000.0 -41.44919
2644000000.0 -41.65472
2645000000.0 -42.55369
2646000000.0 -42.65046
2647000000.0 -41.90485
2648000000.0 -41.67972
2649000000.0 -42.62981
2650000000.0 -42.55826
2651000000.0 -41.85292
2652000000.0 -41.85274
2653000000.0 -42.59063
2654000000.0 -42.66466
2655000000.0 -41.93777
2656000000.0 -42.09802
2657000000.0 -42.84054
2658000000.0 -42.74622
2659000000.0 -41.74981
2660000000.0 -41.44188
2661000000.0 -42.27562
2662000000.0 -42.74078
2663000000.0 -41.592
2664000000.0 -41.39218
2665000000.0 -42.10171
2666000000.0 -43.00153
2667000000.0 -42.189
2668000000.0 -41.82171
2669000000.0 -42.22767
2670000000.0 -43.25011
2671000000.0 -42.53397
2672000000.0 -41.7139
2673000000.0 -42.21474
2674000000.0 -43.01909
2675000000.0 -42.53989
2676000000.0 -42.05276
2677000000.0 -42.53445
2678000000.0 -42.98391
2679000000.0 -42.74758
2680000000.0 -42.05071
2681000000.0 -42.31301
2682000000.0 -43.07001
2683000000.0 -42.68069
2684000000.0 -41.92489
2685000000.0 -42.36561
2686000000.0 -43.16456
2687000000.0 -43.03203
2688000000.0 -41.92569
2689000000.0 -42.00633
2690000000.0 -43.27231
2691000000.0 -43.37138
2692000000.0 -42.29863
2693000000.0 -42.1288
2694000000.0 -43.13173
2695000000.0 -43.33498
2696000000.0 -42.75922
2697000000.0 -42.14975
2698000000.0 -42.86462
2699000000.0 -43.4558
2700000000.0 -42.77873
2701000000.0 -42.11998
2702000000.0 -43.20157
2703000000.0 -43.64571
2704000000.0 -43.16433
2705000000.0 -42.37532
2706000000.0 -43.47248
2707000000.0 -44.24998
2708000000.0 -43.24883
2709000000.0 -42.49732
2710000000.0 -42.88219
2711000000.0 -43.95304
2712000000.0 -43.47268
2713000000.0 -42.50789
2714000000.0 -42.51469
2715000000.0 -43.62296
2716000000.0 -44.33889
2717000000.0 -43.06824
2718000000.0 -42.8535
2719000000.0 -44.03696
2720000000.0 -44.38647
2721000000.0 -43.4192
2722000000.0 -42.82192
2723000000.0 -43.21471
2724000000.0 -43.68507
2725000000.0 -43.58154
2726000000.0 -42.93999
2727000000.0 -43.37536
2728000000.0 -44.3112
2729000000.0 -44.15259
2730000000.0 -43.51205
2731000000.0 -43.73077
2732000000.0 -44.83223
2733000000.0 -44.63071
2734000000.0 -44.00614
2735000000.0 -43.71824
2736000000.0 -44.70466
2737000000.0 -44.60669
2738000000.0 -44.35648
2739000000.0 -43.53028
2740000000.0 -43.75518
2741000000.0 -44.70363
2742000000.0 -44.68903
2743000000.0 -44.16116
2744000000.0 -43.92868
2745000000.0 -44.05812
2746000000.0 -44.49941
2747000000.0 -44.08065
2748000000.0 -43.81283
2749000000.0 -44.1168
2750000000.0 -44.70483
2751000000.0 -44.40561
2752000000.0 -43.88843
2753000000.0 -44.42248
2754000000.0 -44.7749
2755000000.0 -44.78863
2756000000.0 -44.16426
2757000000.0 -43.85472
2758000000.0 -44.83174
2759000000.0 -44.98177
2760000000.0 -44.57773
2761000000.0 -44.01888
2762000000.0 -44.38119
2763000000.0 -44.81849
2764000000.0 -44.29117
2765000000.0 -43.76586
2766000000.0 -44.01639
2767000000.0 -44.76522
2768000000.0 -44.38301
2769000000.0 -43.90759
2770000000.0 -44.36477
2771000000.0 -44.74963
2772000000.0 -44.521
2773000000.0 -43.95853
2774000000.0 -44.35858
2775000000.0 -45.13462
2776000000.0 -44.59862
2777000000.0 -44.06149
2778000000.0 -44.70956
2779000000.0 -45.32219
2780000000.0 -44.74253
2781000000.0 -43.78487
2782000000.0 -44.50773
2783000000.0 -45.79396
2784000000.0 -44.77086
2785000000.0 -43.00958
2786000000.0 -42.77027
2787000000.0 -44.17314
2788000000.0 -44.96167
2789000000.0 -42.99268
2790000000.0 -42.22195
2791000000.0 -43.13866
2792000000.0 -44.43203
2793000000.0 -43.59187
2794000000.0 -42.29614
2795000000.0 -42.71001
2796000000.0 -44.19266
2797000000.0 -44.20092
2798000000.0 -42.71406
2799000000.0 -42.76971
2800000000.0 -44.38697
2801000000.0 -44.69258
2802000000.0 -43.01182
2803000000.0 -42.48699
2804000000.0 -44.34777
2805000000.0 -45.96037
2806000000.0 -44.52381
2807000000.0 -43.15676
2808000000.0 -44.16316
2809000000.0 -45.74883
2810000000.0 -44.73417
2811000000.0 -43.26999
2812000000.0 -43.76184
2813000000.0 -45.50299
2814000000.0 -45.02743
2815000000.0 -43.42439
2816000000.0 -43.35468
2817000000.0 -44.71798
2818000000.0 -45.33326
2819000000.0 -43.74833
2820000000.0 -43.55581
2821000000.0 -45.16016
2822000000.0 -45.37111
2823000000.0 -43.70245
2824000000.0 -43.45272
2825000000.0 -44.34205
2826000000.0 -45.52084
2827000000.0 -44.5492
2828000000.0 -43.60729
2829000000.0 -44.64899
2830000000.0 -46.13944
2831000000.0 -45.00392
2832000000.0 -43.75406
2833000000.0 -44.20652
2834000000.0 -45.15229
2835000000.0 -45.58936
2836000000.0 -44.23316
2837000000.0 -44.2758
2838000000.0 -45.05098
2839000000.0 -45.23838
2840000000.0 -44.54426
2841000000.0 -44.00439
2842000000.0 -44.84761
2843000000.0 -45.62267
2844000000.0 -45.05686
2845000000.0 -44.40081
2846000000.0 -45.16306
2847000000.0 -45.73922
2848000000.0 -45.18391
2849000000.0 -44.02957
2850000000.0 -44.49942
2851000000.0 -45.68835
2852000000.0 -45.75526
2853000000.0 -44.93125
2854000000.0 -45.17157
2855000000.0 -46.06216
2856000000.0 -46.16127
2857000000.0 -44.95964
2858000000.0 -44.35572
2859000000.0 -45.09879
2860000000.0 -45.61945
2861000000.0 -45.11739
2862000000.0 -44.61288
2863000000.0 -44.62189
2864000000.0 -45.53452
2865000000.0 -46.05241
2866000000.0 -45.29469
2867000000.0 -44.84014
2868000000.0 -45.38763
2869000000.0 -45.84573
2870000000.0 -45.21818
2871000000.0 -44.74973
2872000000.0 -45.05379
2873000000.0 -46.16411
2874000000.0 -45.71944
2875000000.0 -44.53622
2876000000.0 -45.02784
2877000000.0 -45.82099
2878000000.0 -45.9969
2879000000.0 -45.55388
2880000000.0 -45.443
2881000000.0 -45.79364
2882000000.0 -46.35093
2883000000.0 -45.70288
2884000000.0 -45.31741
2885000000.0 -45.64673
2886000000.0 -46.10669
2887000000.0 -45.50666
2888000000.0 -45.12151
2889000000.0 -45.72154
2890000000.0 -46.34979
2891000000.0 -45.28386
2892000000.0 -45.03423
2893000000.0 -45.51589
2894000000.0 -46.491
2895000000.0 -45.66875
2896000000.0 -44.80447
2897000000.0 -45.3529
2898000000.0 -46.51765
2899000000.0 -46.00008
2900000000.0 -44.12643
2901000000.0 -44.52045
2902000000.0 -46.55151
2903000000.0 -46.86429
2904000000.0 -44.74952
2905000000.0 -43.90968
2906000000.0 -45.34483
2907000000.0 -46.71839
2908000000.0 -44.95617
2909000000.0 -43.26569
2910000000.0 -43.48571
2911000000.0 -45.19948
2912000000.0 -45.04027
2913000000.0 -42.926
2914000000.0 -43.0233
2915000000.0 -44.91965
2916000000.0 -45.39228
2917000000.0 -43.82519
2918000000.0 -43.44645
2919000000.0 -44.87453
2920000000.0 -46.04657
2921000000.0 -44.44012
2922000000.0 -43.0362
2923000000.0 -44.79913
2924000000.0 -46.75207
2925000000.0 -45.51756
2926000000.0 -43.87106
2927000000.0 -44.93742
2928000000.0 -46.94533
2929000000.0 -46.16582
2930000000.0 -44.28891
2931000000.0 -44.70384
2932000000.0 -46.48377
2933000000.0 -46.20754
2934000000.0 -44.38159
2935000000.0 -44.43281
2936000000.0 -45.64145
2937000000.0 -45.675
2938000000.0 -44.11325
2939000000.0 -44.14691
2940000000.0 -45.76179
2941000000.0 -46.1854
2942000000.0 -44.25751
2943000000.0 -43.94101
2944000000.0 -45.66948
2945000000.0 -46.72435
2946000000.0 -44.54299
2947000000.0 -43.57287
2948000000.0 -44.82207
2949000000.0 -47.30926
2950000000.0 -45.27659
2951000000.0 -43.83221
2952000000.0 -44.41898
2953000000.0 -46.45083
2954000000.0 -46.26477
2955000000.0 -44.77519
2956000000.0 -45.12775
2957000000.0 -46.55894
2958000000.0 -46.20634
2959000000.0 -44.52718
2960000000.0 -44.37133
2961000000.0 -45.81978
2962000000.0 -45.94628
2963000000.0 -44.81059
2964000000.0 -44.96568
2965000000.0 -46.70818
2966000000.0 -46.47051
2967000000.0 -44.92816
2968000000.0 -44.84486
2969000000.0 -46.46129
2970000000.0 -47.47646
2971000000.0 -46.02512
2972000000.0 -45.45731
2973000000.0 -46.88118
2974000000.0 -47.61469
2975000000.0 -45.59999
2976000000.0 -44.76489
2977000000.0 -45.94933
2978000000.0 -47.61298
2979000000.0 -46.48808
2980000000.0 -45.41883
2981000000.0 -46.25399
2982000000.0 -47.18242
2983000000.0 -45.70633
2984000000.0 -44.80482
2985000000.0 -45.73391
2986000000.0 -46.92268
2987000000.0 -45.49694
2988000000.0 -44.9719
2989000000.0 -45.9587
2990000000.0 -47.03819
2991000000.0 -45.09993
2992000000.0 -44.10912
2993000000.0 -45.01286
2994000000.0 -47.65698
2995000000.0 -46.77485
2996000000.0 -44.47484
2997000000.0 -44.50675
2998000000.0 -46.77097
2999000000.0 -46.7815
3000000000.0 -44.47757
