400000000.0 -27.67712
401000000.0 -28.20769
402000000.0 -28.44097
403000000.0 -27.76286
404000000.0 -27.86543
405000000.0 -28.77658
406000000.0 -29.53421
407000000.0 -29.83404
408000000.0 -30.24954
409000000.0 -30.76243
410000000.0 -30.50166
411000000.0 -29.3908
412000000.0 -28.77943
413000000.0 -28.98168
414000000.0 -29.22283
415000000.0 -29.08942
416000000.0 -29.07822
417000000.0 -29.29021
418000000.0 -29.35294
419000000.0 -28.92086
420000000.0 -28.2402
421000000.0 -27.99123
422000000.0 -27.86631
423000000.0 -27.71763
424000000.0 -27.54117
425000000.0 -27.58591
426000000.0 -27.81502
427000000.0 -28.12522
428000000.0 -28.526
429000000.0 -29.00429
430000000.0 -29.07093
431000000.0 -28.83621
432000000.0 -28.35643
433000000.0 -27.81548
434000000.0 -26.92976
435000000.0 -26.1332
436000000.0 -25.51397
437000000.0 -25.62849
438000000.0 -25.88269
439000000.0 -25.96906
440000000.0 -25.9706
441000000.0 -26.25859
442000000.0 -26.68954
443000000.0 -26.82301
444000000.0 -26.49244
445000000.0 -26.27458
446000000.0 -26.4822
447000000.0 -26.84964
448000000.0 -26.99813
449000000.0 -26.96519
450000000.0 -26.98341
451000000.0 -27.25296
452000000.0 -27.68613
453000000.0 -27.87383
454000000.0 -27.88051
455000000.0 -28.2225
456000000.0 -29.05602
457000000.0 -29.60284
458000000.0 -29.33907
459000000.0 -28.65391
460000000.0 -28.25897
461000000.0 -28.4523
462000000.0 -28.51629
463000000.0 -28.1218
464000000.0 -27.74318
465000000.0 -27.59828
466000000.0 -27.71516
467000000.0 -27.80868
468000000.0 -27.82987
469000000.0 -27.7207
470000000.0 -28.07711
471000000.0 -28.82819
472000000.0 -29.1484
473000000.0 -28.59093
474000000.0 -27.90661
475000000.0 -27.71764
476000000.0 -27.91252
477000000.0 -27.60443
478000000.0 -26.86096
479000000.0 -26.64626
480000000.0 -27.03341
481000000.0 -27.03517
482000000.0 -26.36773
483000000.0 -25.66972
484000000.0 -25.41536
485000000.0 -25.30292
486000000.0 -25.02425
487000000.0 -24.74252
488000000.0 -24.58625
489000000.0 -24.45276
490000000.0 -24.29966
491000000.0 -24.42343
492000000.0 -24.44086
493000000.0 -24.32862
494000000.0 -24.33945
495000000.0 -24.67896
496000000.0 -24.9157
497000000.0 -24.76159
498000000.0 -24.28827
499000000.0 -24.00454
500000000.0 -24.13704
501000000.0 -24.11576
502000000.0 -23.93139
503000000.0 -23.83602
504000000.0 -24.003
505000000.0 -24.28513
506000000.0 -24.22263
507000000.0 -24.12063
508000000.0 -24.19668
509000000.0 -24.42971
510000000.0 -24.58427
511000000.0 -24.54054
512000000.0 -24.53922
513000000.0 -24.66479
514000000.0 -24.79773
515000000.0 -24.89879
516000000.0 -24.93496
517000000.0 -24.98142
518000000.0 -24.88117
519000000.0 -24.87545
520000000.0 -25.03189
521000000.0 -25.01832
522000000.0 -24.87818
523000000.0 -24.73712
524000000.0 -24.72601
525000000.0 -24.71203
526000000.0 -24.44609
527000000.0 -24.24912
528000000.0 -24.16794
529000000.0 -24.15939
530000000.0 -23.9125
531000000.0 -23.76421
532000000.0 -23.81712
533000000.0 -23.85561
534000000.0 -23.77435
535000000.0 -23.92886
536000000.0 -24.19282
537000000.0 -24.32942
538000000.0 -24.24826
539000000.0 -24.3549
540000000.0 -24.67954
541000000.0 -24.79919
542000000.0 -24.67638
543000000.0 -24.5204
544000000.0 -24.64135
545000000.0 -24.73022
546000000.0 -24.53451
547000000.0 -24.39319
548000000.0 -24.31145
549000000.0 -24.24045
550000000.0 -24.11614
551000000.0 -24.02246
552000000.0 -23.99015
553000000.0 -23.81125
554000000.0 -23.7538
555000000.0 -23.99023
556000000.0 -24.09488
557000000.0 -23.93163
558000000.0 -23.78354
559000000.0 -23.93301
560000000.0 -24.09657
561000000.0 -24.02907
562000000.0 -23.85176
563000000.0 -23.77555
564000000.0 -23.78061
565000000.0 -23.80725
566000000.0 -23.74199
567000000.0 -23.62142
568000000.0 -23.59426
569000000.0 -23.67892
570000000.0 -23.83009
571000000.0 -23.9326
572000000.0 -23.9275
573000000.0 -24.03239
574000000.0 -24.16416
575000000.0 -24.12717
576000000.0 -23.9535
577000000.0 -23.95735
578000000.0 -24.02832
579000000.0 -24.1438
580000000.0 -24.12046
581000000.0 -24.08601
582000000.0 -24.06116
583000000.0 -24.04762
584000000.0 -24.13183
585000000.0 -24.19272
586000000.0 -24.09496
587000000.0 -24.04772
588000000.0 -24.24658
589000000.0 -24.39045
590000000.0 -24.2929
591000000.0 -24.11673
592000000.0 -24.1208
593000000.0 -24.24637
594000000.0 -24.25076
595000000.0 -24.22344
596000000.0 -24.2664
597000000.0 -24.354
598000000.0 -24.25778
599000000.0 -24.2091
600000000.0 -24.18629
601000000.0 -24.24944
602000000.0 -24.29064
603000000.0 -24.30978
604000000.0 -24.41633
605000000.0 -24.33495
606000000.0 -24.1127
607000000.0 -24.03697
608000000.0 -24.02362
609000000.0 -23.98059
610000000.0 -23.89483
611000000.0 -23.96274
612000000.0 -23.96076
613000000.0 -23.8943
614000000.0 -23.74195
615000000.0 -23.5902
616000000.0 -23.55634
617000000.0 -23.42261
618000000.0 -23.4639
619000000.0 -23.5306
620000000.0 -23.55817
621000000.0 -23.4576
622000000.0 -23.38248
623000000.0 -23.37058
624000000.0 -23.35096
625000000.0 -23.32545
626000000.0 -23.37334
627000000.0 -23.45853
628000000.0 -23.45556
629000000.0 -23.45856
630000000.0 -23.46014
631000000.0 -23.49432
632000000.0 -23.48173
633000000.0 -23.62453
634000000.0 -23.70998
635000000.0 -23.68505
636000000.0 -23.57023
637000000.0 -23.5883
638000000.0 -23.59864
639000000.0 -23.52703
640000000.0 -23.48346
641000000.0 -23.46204
642000000.0 -23.487
643000000.0 -23.46239
644000000.0 -23.38734
645000000.0 -23.44081
646000000.0 -23.42896
647000000.0 -23.35357
648000000.0 -23.41123
649000000.0 -23.4807
650000000.0 -23.51293
651000000.0 -23.46168
652000000.0 -23.38299
653000000.0 -23.43498
654000000.0 -23.40984
655000000.0 -23.36052
656000000.0 -23.38396
657000000.0 -23.50051
658000000.0 -23.48104
659000000.0 -23.53864
660000000.0 -23.60564
661000000.0 -23.58981
662000000.0 -23.47565
663000000.0 -23.49844
664000000.0 -23.60801
665000000.0 -23.52861
666000000.0 -23.43841
667000000.0 -23.55235
668000000.0 -23.66866
669000000.0 -23.70922
670000000.0 -23.63541
671000000.0 -23.60582
672000000.0 -23.72912
673000000.0 -23.74068
674000000.0 -23.77332
675000000.0 -23.80084
676000000.0 -23.85891
677000000.0 -23.70963
678000000.0 -23.68789
679000000.0 -23.73539
680000000.0 -23.72235
681000000.0 -23.77399
682000000.0 -23.82579
683000000.0 -23.97781
684000000.0 -23.96111
685000000.0 -23.8201
686000000.0 -23.75167
687000000.0 -23.80944
688000000.0 -23.87421
689000000.0 -23.96477
690000000.0 -24.02884
691000000.0 -24.01331
692000000.0 -23.97598
693000000.0 -24.01057
694000000.0 -24.01215
695000000.0 -24.0586
696000000.0 -24.16256
697000000.0 -24.292
698000000.0 -24.53795
699000000.0 -24.52038
700000000.0 -24.34802
701000000.0 -24.19196
702000000.0 -24.16914
703000000.0 -24.1926
704000000.0 -24.23728
705000000.0 -24.28831
706000000.0 -24.28122
707000000.0 -24.24837
708000000.0 -24.20472
709000000.0 -24.25047
710000000.0 -24.26401
711000000.0 -24.24952
712000000.0 -24.32444
713000000.0 -24.49839
714000000.0 -24.43363
715000000.0 -24.29184
716000000.0 -24.26138
717000000.0 -24.3377
718000000.0 -24.37213
719000000.0 -24.2457
720000000.0 -24.34902
721000000.0 -24.47821
722000000.0 -24.46042
723000000.0 -24.39678
724000000.0 -24.45891
725000000.0 -24.50178
726000000.0 -24.48516
727000000.0 -24.46477
728000000.0 -24.50635
729000000.0 -24.60129
730000000.0 -24.4594
731000000.0 -24.43633
732000000.0 -24.46032
733000000.0 -24.44337
734000000.0 -24.35982
735000000.0 -24.24374
736000000.0 -24.24144
737000000.0 -24.33594
738000000.0 -24.2939
739000000.0 -24.18422
740000000.0 -24.18073
741000000.0 -24.15437
742000000.0 -24.19279
743000000.0 -24.2316
744000000.0 -24.244
745000000.0 -24.27382
746000000.0 -24.38489
747000000.0 -24.56312
748000000.0 -24.41682
749000000.0 -24.34279
750000000.0 -24.39902
751000000.0 -24.42377
752000000.0 -24.38703
753000000.0 -24.42933
754000000.0 -24.43095
755000000.0 -24.3614
756000000.0 -24.31021
757000000.0 -24.37134
758000000.0 -24.39526
759000000.0 -24.2813
760000000.0 -24.18107
761000000.0 -24.35316
762000000.0 -24.48914
763000000.0 -24.34043
764000000.0 -24.08891
765000000.0 -24.10348
766000000.0 -24.23719
767000000.0 -24.18508
768000000.0 -24.04151
769000000.0 -24.16081
770000000.0 -24.36689
771000000.0 -24.27985
772000000.0 -24.18982
773000000.0 -24.18358
774000000.0 -24.30636
775000000.0 -24.37176
776000000.0 -24.36515
777000000.0 -24.45619
778000000.0 -24.41664
779000000.0 -24.39179
780000000.0 -24.37769
781000000.0 -24.33148
782000000.0 -24.21808
783000000.0 -24.20405
784000000.0 -24.36646
785000000.0 -24.45624
786000000.0 -24.29625
787000000.0 -24.17948
788000000.0 -24.17583
789000000.0 -24.20642
790000000.0 -24.21824
791000000.0 -24.21072
792000000.0 -24.25515
793000000.0 -24.1963
794000000.0 -24.09194
795000000.0 -24.12917
796000000.0 -24.1509
797000000.0 -24.06729
798000000.0 -24.05319
799000000.0 -24.16422
800000000.0 -24.25561
801000000.0 -24.08354
802000000.0 -23.94073
803000000.0 -23.95034
804000000.0 -23.98384
805000000.0 -23.85881
806000000.0 -23.81151
807000000.0 -23.92843
808000000.0 -24.06402
809000000.0 -24.00929
810000000.0 -23.86137
811000000.0 -23.8871
812000000.0 -23.96146
813000000.0 -24.04235
814000000.0 -24.05069
815000000.0 -24.07121
816000000.0 -24.13997
817000000.0 -24.098
818000000.0 -24.1433
819000000.0 -24.13643
820000000.0 -24.11358
821000000.0 -24.10583
822000000.0 -24.14039
823000000.0 -24.11708
824000000.0 -24.0939
825000000.0 -24.09644
826000000.0 -24.06325
827000000.0 -24.04723
828000000.0 -24.03705
829000000.0 -24.08237
830000000.0 -24.07356
831000000.0 -24.09764
832000000.0 -24.15446
833000000.0 -24.16282
834000000.0 -24.18025
835000000.0 -24.08565
836000000.0 -24.18829
837000000.0 -24.29245
838000000.0 -24.24294
839000000.0 -24.14839
840000000.0 -24.18929
841000000.0 -24.23182
842000000.0 -24.2365
843000000.0 -24.20237
844000000.0 -24.18456
845000000.0 -24.24942
846000000.0 -24.34236
847000000.0 -24.41518
848000000.0 -24.49863
849000000.0 -24.50045
850000000.0 -24.37382
851000000.0 -24.30213
852000000.0 -24.41031
853000000.0 -24.36814
854000000.0 -24.35635
855000000.0 -24.3995
856000000.0 -24.42048
857000000.0 -24.34773
858000000.0 -24.25439
859000000.0 -24.24463
860000000.0 -24.27282
861000000.0 -24.23036
862000000.0 -24.30524
863000000.0 -24.54469
864000000.0 -24.53509
865000000.0 -24.43946
866000000.0 -24.50735
867000000.0 -24.69595
868000000.0 -24.75961
869000000.0 -24.66736
870000000.0 -24.81389
871000000.0 -25.10598
872000000.0 -25.13212
873000000.0 -24.82057
874000000.0 -24.57187
875000000.0 -24.58106
876000000.0 -24.58864
877000000.0 -24.61399
878000000.0 -24.56586
879000000.0 -24.53504
880000000.0 -24.46564
881000000.0 -24.50619
882000000.0 -24.60076
883000000.0 -24.60567
884000000.0 -24.56615
885000000.0 -24.73946
886000000.0 -25.07149
887000000.0 -25.13144
888000000.0 -24.94263
889000000.0 -24.83438
890000000.0 -24.92658
891000000.0 -24.90723
892000000.0 -24.73698
893000000.0 -24.66439
894000000.0 -24.78561
895000000.0 -24.99612
896000000.0 -24.9993
897000000.0 -24.90708
898000000.0 -24.87711
899000000.0 -24.91134
900000000.0 -24.92215
901000000.0 -24.97587
902000000.0 -25.08327
903000000.0 -25.09727
904000000.0 -25.14966
905000000.0 -25.19116
906000000.0 -25.36197
907000000.0 -25.43187
908000000.0 -25.4342
909000000.0 -25.51714
910000000.0 -25.68178
911000000.0 -25.85061
912000000.0 -25.89081
913000000.0 -25.80919
914000000.0 -25.85161
915000000.0 -26.01633
916000000.0 -26.14308
917000000.0 -26.13849
918000000.0 -26.21626
919000000.0 -26.31641
920000000.0 -26.32106
921000000.0 -26.29869
922000000.0 -26.21024
923000000.0 -26.34021
924000000.0 -26.35698
925000000.0 -26.30592
926000000.0 -26.35122
927000000.0 -26.64264
928000000.0 -26.6222
929000000.0 -26.52672
930000000.0 -26.63546
931000000.0 -26.99838
932000000.0 -27.18956
933000000.0 -27.28659
934000000.0 -27.49612
935000000.0 -27.73932
936000000.0 -27.91959
937000000.0 -27.74495
938000000.0 -27.60584
939000000.0 -27.53723
940000000.0 -27.48173
941000000.0 -27.55332
942000000.0 -27.56955
943000000.0 -27.57001
944000000.0 -27.48843
945000000.0 -27.40426
946000000.0 -27.48476
947000000.0 -27.47586
948000000.0 -27.3421
949000000.0 -27.46287
950000000.0 -27.84618
951000000.0 -27.82662
952000000.0 -27.60655
953000000.0 -27.47705
954000000.0 -27.71185
955000000.0 -27.88129
956000000.0 -27.71113
957000000.0 -27.62156
958000000.0 -27.62863
959000000.0 -27.84866
960000000.0 -27.77151
961000000.0 -27.69304
962000000.0 -27.67799
963000000.0 -27.70045
964000000.0 -27.78946
965000000.0 -27.81814
966000000.0 -27.88635
967000000.0 -27.78475
968000000.0 -27.75194
969000000.0 -27.79014
970000000.0 -27.83438
971000000.0 -27.8251
972000000.0 -27.71658
973000000.0 -27.7326
974000000.0 -27.72055
975000000.0 -27.73986
976000000.0 -27.6198
977000000.0 -27.49064
978000000.0 -27.29461
979000000.0 -27.33841
980000000.0 -27.44848
981000000.0 -27.45915
982000000.0 -27.44346
983000000.0 -27.43209
984000000.0 -27.51951
985000000.0 -27.5445
986000000.0 -27.42087
987000000.0 -27.2374
988000000.0 -27.2243
989000000.0 -27.29213
990000000.0 -27.26904
991000000.0 -27.22032
992000000.0 -27.19103
993000000.0 -27.15321
994000000.0 -27.24809
995000000.0 -27.14786
996000000.0 -27.0691
997000000.0 -27.03993
998000000.0 -27.26523
999000000.0 -27.43437
1000000000.0 -27.22654
1001000000.0 -27.19727
1002000000.0 -27.13756
1003000000.0 -27.22471
1004000000.0 -27.11517
1005000000.0 -27.03082
1006000000.0 -27.06274
1007000000.0 -27.26717
1008000000.0 -27.26159
1009000000.0 -27.15813
1010000000.0 -27.32546
1011000000.0 -27.37487
1012000000.0 -27.22954
1013000000.0 -27.44881
1014000000.0 -27.57244
1015000000.0 -27.52036
1016000000.0 -27.35436
1017000000.0 -27.32843
1018000000.0 -27.41237
1019000000.0 -27.42261
1020000000.0 -27.337
1021000000.0 -27.3404
1022000000.0 -27.5184
1023000000.0 -27.44389
1024000000.0 -27.30581
1025000000.0 -27.31415
1026000000.0 -27.34995
1027000000.0 -27.3866
1028000000.0 -27.4522
1029000000.0 -27.59403
1030000000.0 -27.71837
1031000000.0 -27.56985
1032000000.0 -27.63407
1033000000.0 -27.69808
1034000000.0 -27.70719
1035000000.0 -27.62011
1036000000.0 -27.38997
1037000000.0 -27.47062
1038000000.0 -27.4706
1039000000.0 -27.50685
1040000000.0 -27.38627
1041000000.0 -27.29987
1042000000.0 -27.33813
1043000000.0 -27.45753
1044000000.0 -27.38892
1045000000.0 -27.29802
1046000000.0 -27.42019
1047000000.0 -27.60166
1048000000.0 -27.67557
1049000000.0 -27.54504
1050000000.0 -27.4313
1051000000.0 -27.56963
1052000000.0 -27.495
1053000000.0 -27.50833
1054000000.0 -27.55788
1055000000.0 -27.73721
1056000000.0 -27.8144
1057000000.0 -27.65145
1058000000.0 -27.71061
1059000000.0 -27.89033
1060000000.0 -27.92813
1061000000.0 -27.86753
1062000000.0 -28.13247
1063000000.0 -28.35559
1064000000.0 -28.23838
1065000000.0 -27.89006
1066000000.0 -27.91396
1067000000.0 -28.04574
1068000000.0 -27.98084
1069000000.0 -27.85965
1070000000.0 -27.94703
1071000000.0 -28.23244
1072000000.0 -28.2602
1073000000.0 -28.0184
1074000000.0 -27.84752
1075000000.0 -27.96758
1076000000.0 -28.05347
1077000000.0 -28.11252
1078000000.0 -28.22895
1079000000.0 -28.2551
1080000000.0 -28.28167
1081000000.0 -28.2195
1082000000.0 -28.12525
1083000000.0 -28.00733
1084000000.0 -28.05466
1085000000.0 -28.09588
1086000000.0 -28.10277
1087000000.0 -28.01416
1088000000.0 -28.0141
1089000000.0 -27.85693
1090000000.0 -27.73509
1091000000.0 -27.65464
1092000000.0 -27.59105
1093000000.0 -27.68383
1094000000.0 -27.4922
1095000000.0 -27.53966
1096000000.0 -27.75621
1097000000.0 -27.88693
1098000000.0 -27.74277
1099000000.0 -27.63861
1100000000.0 -27.69536
1101000000.0 -27.69826
1102000000.0 -27.61357
1103000000.0 -27.6534
1104000000.0 -27.75012
1105000000.0 -27.70302
1106000000.0 -27.57239
1107000000.0 -27.66137
1108000000.0 -27.7607
1109000000.0 -27.84393
1110000000.0 -27.83669
1111000000.0 -27.97072
1112000000.0 -28.09026
1113000000.0 -27.9811
1114000000.0 -27.67798
1115000000.0 -27.54575
1116000000.0 -27.68818
1117000000.0 -27.84623
1118000000.0 -27.75819
1119000000.0 -27.70916
1120000000.0 -27.92542
1121000000.0 -27.937
1122000000.0 -27.86572
1123000000.0 -27.76151
1124000000.0 -27.80153
1125000000.0 -28.07373
1126000000.0 -28.25518
1127000000.0 -28.32042
1128000000.0 -28.21023
1129000000.0 -28.06667
1130000000.0 -28.20601
1131000000.0 -28.17991
1132000000.0 -28.03374
1133000000.0 -28.15924
1134000000.0 -28.43829
1135000000.0 -28.30399
1136000000.0 -28.21603
1137000000.0 -28.09482
1138000000.0 -28.01833
1139000000.0 -27.91874
1140000000.0 -28.00799
1141000000.0 -28.1155
1142000000.0 -28.35878
1143000000.0 -28.13928
1144000000.0 -28.11491
1145000000.0 -28.18808
1146000000.0 -28.4329
1147000000.0 -28.23217
1148000000.0 -28.26788
1149000000.0 -28.52095
1150000000.0 -28.91133
1151000000.0 -28.68884
1152000000.0 -28.40145
1153000000.0 -28.30864
1154000000.0 -28.46589
1155000000.0 -28.39829
1156000000.0 -28.22375
1157000000.0 -28.2976
1158000000.0 -28.41793
1159000000.0 -28.41611
1160000000.0 -28.15454
1161000000.0 -28.15624
1162000000.0 -28.21984
1163000000.0 -28.24609
1164000000.0 -28.20096
1165000000.0 -28.22238
1166000000.0 -28.29149
1167000000.0 -28.38995
1168000000.0 -28.34684
1169000000.0 -28.19227
1170000000.0 -28.21428
1171000000.0 -28.26423
1172000000.0 -28.36014
1173000000.0 -28.39716
1174000000.0 -28.43622
1175000000.0 -28.58188
1176000000.0 -28.66554
1177000000.0 -28.52317
1178000000.0 -28.4603
1179000000.0 -28.43803
1180000000.0 -28.45517
1181000000.0 -28.51788
1182000000.0 -28.49689
1183000000.0 -28.67952
1184000000.0 -28.77404
1185000000.0 -28.55767
1186000000.0 -28.44994
1187000000.0 -28.45502
1188000000.0 -28.5274
1189000000.0 -28.57126
1190000000.0 -28.71639
1191000000.0 -28.832
1192000000.0 -28.83788
1193000000.0 -28.77529
1194000000.0 -28.66986
1195000000.0 -28.76662
1196000000.0 -28.78124
1197000000.0 -28.76445
1198000000.0 -28.83691
1199000000.0 -28.9177
1200000000.0 -28.91474
1201000000.0 -28.88643
1202000000.0 -28.76765
1203000000.0 -28.67634
1204000000.0 -28.66266
1205000000.0 -28.95867
1206000000.0 -29.16976
1207000000.0 -28.97097
1208000000.0 -28.74791
1209000000.0 -28.72653
1210000000.0 -28.69789
1211000000.0 -28.66264
1212000000.0 -28.64821
1213000000.0 -28.78285
1214000000.0 -28.96656
1215000000.0 -29.00607
1216000000.0 -28.82087
1217000000.0 -28.85588
1218000000.0 -28.96153
1219000000.0 -29.08224
1220000000.0 -28.97165
1221000000.0 -29.0089
1222000000.0 -29.18028
1223000000.0 -29.22602
1224000000.0 -29.04875
1225000000.0 -28.96412
1226000000.0 -29.03244
1227000000.0 -29.13628
1228000000.0 -29.29747
1229000000.0 -29.2065
1230000000.0 -29.21447
1231000000.0 -29.26226
1232000000.0 -29.26475
1233000000.0 -29.09093
1234000000.0 -29.03635
1235000000.0 -29.32331
1236000000.0 -29.35703
1237000000.0 -29.2785
1238000000.0 -29.11212
1239000000.0 -29.31272
1240000000.0 -29.39765
1241000000.0 -29.42281
1242000000.0 -29.32738
1243000000.0 -29.46631
1244000000.0 -29.74082
1245000000.0 -29.64396
1246000000.0 -29.41747
1247000000.0 -29.41077
1248000000.0 -29.5692
1249000000.0 -29.49176
1250000000.0 -29.21325
1251000000.0 -29.31325
1252000000.0 -29.50626
1253000000.0 -29.41304
1254000000.0 -29.33834
1255000000.0 -29.34454
1256000000.0 -29.36417
1257000000.0 -29.18712
1258000000.0 -28.85022
1259000000.0 -28.97735
1260000000.0 -29.1806
1261000000.0 -29.21497
1262000000.0 -29.13695
1263000000.0 -29.08144
1264000000.0 -29.16691
1265000000.0 -29.14849
1266000000.0 -29.18587
1267000000.0 -29.10248
1268000000.0 -29.39645
1269000000.0 -29.70383
1270000000.0 -29.62968
1271000000.0 -29.35482
1272000000.0 -29.32948
1273000000.0 -29.49884
1274000000.0 -29.42387
1275000000.0 -29.18719
1276000000.0 -29.11437
1277000000.0 -29.39636
1278000000.0 -29.36924
1279000000.0 -29.17131
1280000000.0 -29.02375
1281000000.0 -29.09635
1282000000.0 -29.06541
1283000000.0 -29.13214
1284000000.0 -29.14025
1285000000.0 -29.2851
1286000000.0 -29.40066
1287000000.0 -29.19835
1288000000.0 -29.09244
1289000000.0 -29.29613
1290000000.0 -29.46296
1291000000.0 -29.48151
1292000000.0 -29.57721
1293000000.0 -29.75288
1294000000.0 -29.6946
1295000000.0 -29.62292
1296000000.0 -29.33438
1297000000.0 -29.32982
1298000000.0 -29.46495
1299000000.0 -29.52578
1300000000.0 -29.55593
1301000000.0 -29.43286
1302000000.0 -29.49079
1303000000.0 -29.44604
1304000000.0 -29.30916
1305000000.0 -29.19587
1306000000.0 -29.41095
1307000000.0 -29.6197
1308000000.0 -29.71631
1309000000.0 -29.52855
1310000000.0 -29.45318
1311000000.0 -29.65983
1312000000.0 -29.57015
1313000000.0 -29.54149
1314000000.0 -29.55216
1315000000.0 -29.93421
1316000000.0 -29.81294
1317000000.0 -29.82625
1318000000.0 -29.71147
1319000000.0 -29.79128
1320000000.0 -29.72231
1321000000.0 -29.7986
1322000000.0 -29.7789
1323000000.0 -29.97058
1324000000.0 -29.67245
1325000000.0 -29.70588
1326000000.0 -29.6377
1327000000.0 -29.87606
1328000000.0 -29.58901
1329000000.0 -29.62677
1330000000.0 -29.76278
1331000000.0 -29.88813
1332000000.0 -29.97538
1333000000.0 -29.74506
1334000000.0 -29.84479
1335000000.0 -30.00899
1336000000.0 -29.93981
1337000000.0 -29.79355
1338000000.0 -30.08114
1339000000.0 -30.18757
1340000000.0 -30.23391
1341000000.0 -30.23882
1342000000.0 -30.32338
1343000000.0 -30.32026
1344000000.0 -30.12657
1345000000.0 -30.14624
1346000000.0 -30.18079
1347000000.0 -30.15671
1348000000.0 -30.31719
1349000000.0 -30.06661
1350000000.0 -30.08525
1351000000.0 -29.94116
1352000000.0 -29.99166
1353000000.0 -29.87472
1354000000.0 -29.98809
1355000000.0 -30.15322
1356000000.0 -30.23391
1357000000.0 -30.19045
1358000000.0 -30.08449
1359000000.0 -30.02757
1360000000.0 -30.23456
1361000000.0 -30.3183
1362000000.0 -30.33158
1363000000.0 -30.4877
1364000000.0 -30.75771
1365000000.0 -30.76616
1366000000.0 -30.61281
1367000000.0 -30.39358
1368000000.0 -30.49722
1369000000.0 -30.51567
1370000000.0 -30.53079
1371000000.0 -30.45086
1372000000.0 -30.49986
1373000000.0 -30.50205
1374000000.0 -30.26395
1375000000.0 -30.17111
1376000000.0 -30.16273
1377000000.0 -30.4083
1378000000.0 -30.43093
1379000000.0 -30.50918
1380000000.0 -30.51322
1381000000.0 -30.43142
1382000000.0 -30.29041
1383000000.0 -30.0915
1384000000.0 -30.31792
1385000000.0 -30.64422
1386000000.0 -30.7694
1387000000.0 -30.7464
1388000000.0 -30.79097
1389000000.0 -30.90706
1390000000.0 -30.87731
1391000000.0 -30.7367
1392000000.0 -30.66617
1393000000.0 -31.0002
1394000000.0 -31.15326
1395000000.0 -31.10837
1396000000.0 -30.65112
1397000000.0 -30.71466
1398000000.0 -30.6648
1399000000.0 -30.53834
1400000000.0 -30.49185
1401000000.0 -30.54499
1402000000.0 -30.71919
1403000000.0 -30.86682
1404000000.0 -30.73379
1405000000.0 -30.66194
1406000000.0 -30.66972
1407000000.0 -30.72629
1408000000.0 -30.91191
1409000000.0 -31.11497
1410000000.0 -30.97436
1411000000.0 -31.21581
1412000000.0 -31.25104
1413000000.0 -31.35868
1414000000.0 -31.18762
1415000000.0 -31.08787
1416000000.0 -31.14252
1417000000.0 -31.22674
1418000000.0 -31.1146
1419000000.0 -31.11353
1420000000.0 -31.13489
1421000000.0 -31.05513
1422000000.0 -30.79986
1423000000.0 -30.69604
1424000000.0 -30.79156
1425000000.0 -30.92592
1426000000.0 -30.8264
1427000000.0 -31.12457
1428000000.0 -31.30508
1429000000.0 -31.39558
1430000000.0 -31.0026
1431000000.0 -30.84968
1432000000.0 -30.90965
1433000000.0 -31.06136
1434000000.0 -31.07447
1435000000.0 -31.12459
1436000000.0 -31.11315
1437000000.0 -31.17399
1438000000.0 -31.07903
1439000000.0 -31.07532
1440000000.0 -30.92898
1441000000.0 -31.0882
1442000000.0 -31.20905
1443000000.0 -31.31084
1444000000.0 -31.16381
1445000000.0 -30.91902
1446000000.0 -30.84303
1447000000.0 -30.81696
1448000000.0 -30.74871
1449000000.0 -30.8068
1450000000.0 -30.94854
1451000000.0 -31.14322
1452000000.0 -31.08324
1453000000.0 -31.01834
1454000000.0 -30.91285
1455000000.0 -30.99132
1456000000.0 -31.07384
1457000000.0 -31.24926
1458000000.0 -31.38658
1459000000.0 -31.50904
1460000000.0 -31.3072
1461000000.0 -31.15151
1462000000.0 -31.23512
1463000000.0 -31.15266
1464000000.0 -31.26791
1465000000.0 -31.3328
1466000000.0 -31.43185
1467000000.0 -31.40381
1468000000.0 -31.32796
1469000000.0 -31.17113
1470000000.0 -30.90576
1471000000.0 -30.88741
1472000000.0 -30.95952
1473000000.0 -31.09152
1474000000.0 -30.96586
1475000000.0 -30.82316
1476000000.0 -30.90089
1477000000.0 -31.06762
1478000000.0 -30.92525
1479000000.0 -30.88687
1480000000.0 -31.08717
1481000000.0 -31.38783
1482000000.0 -31.41199
1483000000.0 -31.18756
1484000000.0 -31.21934
1485000000.0 -31.21285
1486000000.0 -31.13977
1487000000.0 -31.03904
1488000000.0 -31.09995
1489000000.0 -31.2753
1490000000.0 -31.23518
1491000000.0 -31.18493
1492000000.0 -31.2
1493000000.0 -31.12846
1494000000.0 -30.93639
1495000000.0 -30.68923
1496000000.0 -30.6838
1497000000.0 -30.84452
1498000000.0 -30.7315
1499000000.0 -30.68917
1500000000.0 -30.74763
1501000000.0 -30.86079
1502000000.0 -30.85165
1503000000.0 -30.86387
1504000000.0 -30.91553
1505000000.0 -31.17238
1506000000.0 -31.44945
1507000000.0 -31.43814
1508000000.0 -31.37168
1509000000.0 -31.33294
1510000000.0 -31.28957
1511000000.0 -31.0518
1512000000.0 -31.03009
1513000000.0 -31.10952
1514000000.0 -31.22648
1515000000.0 -31.123
1516000000.0 -30.90462
1517000000.0 -30.89374
1518000000.0 -30.97837
1519000000.0 -30.89427
1520000000.0 -30.84551
1521000000.0 -31.00345
1522000000.0 -31.25528
1523000000.0 -31.25914
1524000000.0 -30.94472
1525000000.0 -30.87558
1526000000.0 -30.9968
1527000000.0 -30.93104
1528000000.0 -31.1186
1529000000.0 -31.19971
1530000000.0 -31.36101
1531000000.0 -31.4528
1532000000.0 -31.18334
1533000000.0 -31.07126
1534000000.0 -31.03506
1535000000.0 -31.23764
1536000000.0 -31.37464
1537000000.0 -31.46053
1538000000.0 -31.38413
1539000000.0 -31.06308
1540000000.0 -31.17521
1541000000.0 -31.0223
1542000000.0 -30.97091
1543000000.0 -30.84163
1544000000.0 -31.02638
1545000000.0 -31.17018
1546000000.0 -31.18041
1547000000.0 -31.09986
1548000000.0 -30.91201
1549000000.0 -30.88176
1550000000.0 -30.84906
1551000000.0 -31.15578
1552000000.0 -31.40416
1553000000.0 -31.38215
1554000000.0 -31.36693
1555000000.0 -31.49061
1556000000.0 -31.62244
1557000000.0 -31.59203
1558000000.0 -31.43085
1559000000.0 -31.41439
1560000000.0 -31.64511
1561000000.0 -31.576
1562000000.0 -31.36544
1563000000.0 -31.07928
1564000000.0 -30.96393
1565000000.0 -30.99147
1566000000.0 -30.94257
1567000000.0 -30.89818
1568000000.0 -30.83285
1569000000.0 -31.124
1570000000.0 -31.24235
1571000000.0 -31.2916
1572000000.0 -31.15904
1573000000.0 -31.03311
1574000000.0 -31.04948
1575000000.0 -31.23702
1576000000.0 -31.36167
1577000000.0 -31.42742
1578000000.0 -31.3578
1579000000.0 -31.47211
1580000000.0 -31.37747
1581000000.0 -31.42678
1582000000.0 -31.41152
1583000000.0 -31.40154
1584000000.0 -31.63874
1585000000.0 -31.69038
1586000000.0 -31.64922
1587000000.0 -31.46276
1588000000.0 -31.25107
1589000000.0 -31.37463
1590000000.0 -31.28305
1591000000.0 -31.22146
1592000000.0 -31.20191
1593000000.0 -31.30327
1594000000.0 -31.30335
1595000000.0 -31.25543
1596000000.0 -31.09379
1597000000.0 -31.34071
1598000000.0 -31.39607
1599000000.0 -31.51548
1600000000.0 -31.8262
1601000000.0 -32.05063
1602000000.0 -32.05762
1603000000.0 -32.09041
1604000000.0 -32.28653
1605000000.0 -32.60217
1606000000.0 -32.45038
1607000000.0 -32.33635
1608000000.0 -32.46486
1609000000.0 -32.60112
1610000000.0 -32.5452
1611000000.0 -32.1463
1612000000.0 -31.75949
1613000000.0 -31.60996
1614000000.0 -31.58445
1615000000.0 -31.59453
1616000000.0 -31.55112
1617000000.0 -31.47447
1618000000.0 -31.47643
1619000000.0 -31.57831
1620000000.0 -31.61437
1621000000.0 -31.6359
1622000000.0 -31.852
1623000000.0 -32.20183
1624000000.0 -32.45555
1625000000.0 -32.42325
1626000000.0 -32.29881
1627000000.0 -32.2753
1628000000.0 -32.38639
1629000000.0 -32.42586
1630000000.0 -32.22401
1631000000.0 -32.06857
1632000000.0 -32.09529
1633000000.0 -31.98965
1634000000.0 -31.96768
1635000000.0 -31.86177
1636000000.0 -31.60948
1637000000.0 -31.46705
1638000000.0 -31.53863
1639000000.0 -31.71062
1640000000.0 -31.57023
1641000000.0 -31.5707
1642000000.0 -31.73385
1643000000.0 -32.00172
1644000000.0 -32.03707
1645000000.0 -31.81879
1646000000.0 -31.87212
1647000000.0 -32.16589
1648000000.0 -32.4742
1649000000.0 -32.50521
1650000000.0 -32.55212
1651000000.0 -32.57978
1652000000.0 -32.85152
1653000000.0 -32.89598
1654000000.0 -32.79644
1655000000.0 -32.70142
1656000000.0 -32.79077
1657000000.0 -32.64932
1658000000.0 -32.4952
1659000000.0 -32.40716
1660000000.0 -32.2524
1661000000.0 -32.20311
1662000000.0 -32.09325
1663000000.0 -32.16308
1664000000.0 -32.26332
1665000000.0 -32.33628
1666000000.0 -32.2851
1667000000.0 -32.3194
1668000000.0 -32.69053
1669000000.0 -32.76824
1670000000.0 -32.71866
1671000000.0 -32.81044
1672000000.0 -33.12498
1673000000.0 -33.31659
1674000000.0 -33.27542
1675000000.0 -33.15186
1676000000.0 -33.338
1677000000.0 -33.44172
1678000000.0 -33.18159
1679000000.0 -33.18209
1680000000.0 -33.18252
1681000000.0 -33.12533
1682000000.0 -32.95717
1683000000.0 -32.67207
1684000000.0 -32.7683
1685000000.0 -32.84002
1686000000.0 -32.67537
1687000000.0 -32.66209
1688000000.0 -32.82521
1689000000.0 -32.79359
1690000000.0 -32.71729
1691000000.0 -32.76725
1692000000.0 -32.93702
1693000000.0 -33.06576
1694000000.0 -32.99979
1695000000.0 -33.03647
1696000000.0 -33.15826
1697000000.0 -33.26514
1698000000.0 -33.27585
1699000000.0 -33.35426
1700000000.0 -33.30076
1701000000.0 -33.45919
1702000000.0 -33.5016
1703000000.0 -33.43277
1704000000.0 -33.36381
1705000000.0 -33.35126
1706000000.0 -33.31839
1707000000.0 -33.27895
1708000000.0 -33.12706
1709000000.0 -33.01573
1710000000.0 -32.96552
1711000000.0 -32.88954
1712000000.0 -32.95469
1713000000.0 -32.92986
1714000000.0 -32.83592
1715000000.0 -32.81522
1716000000.0 -32.83918
1717000000.0 -33.13171
1718000000.0 -33.13559
1719000000.0 -33.0802
1720000000.0 -33.41446
1721000000.0 -33.55853
1722000000.0 -33.68087
1723000000.0 -33.58936
1724000000.0 -33.63953
1725000000.0 -33.86711
1726000000.0 -33.92715
1727000000.0 -33.78843
1728000000.0 -33.68138
1729000000.0 -33.92617
1730000000.0 -33.68461
1731000000.0 -33.47079
1732000000.0 -33.32425
1733000000.0 -33.38766
1734000000.0 -33.4708
1735000000.0 -33.23507
1736000000.0 -33.16301
1737000000.0 -33.3413
1738000000.0 -33.39701
1739000000.0 -33.38553
1740000000.0 -33.34045
1741000000.0 -33.4361
1742000000.0 -33.57952
1743000000.0 -33.76612
1744000000.0 -33.8211
1745000000.0 -33.92769
1746000000.0 -34.06682
1747000000.0 -34.25076
1748000000.0 -34.17834
1749000000.0 -34.07114
1750000000.0 -34.16361
1751000000.0 -34.31574
1752000000.0 -34.30403
1753000000.0 -34.0831
1754000000.0 -33.93362
1755000000.0 -33.8521
1756000000.0 -33.70917
1757000000.0 -33.52072
1758000000.0 -33.65877
1759000000.0 -33.78073
1760000000.0 -33.73226
1761000000.0 -33.71868
1762000000.0 -33.77572
1763000000.0 -33.87273
1764000000.0 -33.85773
1765000000.0 -33.74092
1766000000.0 -34.01617
1767000000.0 -34.32477
1768000000.0 -34.45783
1769000000.0 -34.11316
1770000000.0 -34.3443
1771000000.0 -34.55964
1772000000.0 -34.45284
1773000000.0 -34.24398
1774000000.0 -34.49658
1775000000.0 -34.52206
1776000000.0 -34.5984
1777000000.0 -34.4621
1778000000.0 -34.44847
1779000000.0 -34.61946
1780000000.0 -34.28955
1781000000.0 -34.14886
1782000000.0 -34.11851
1783000000.0 -34.17944
1784000000.0 -34.29258
1785000000.0 -34.2135
1786000000.0 -34.22723
1787000000.0 -34.31442
1788000000.0 -34.4411
1789000000.0 -34.4586
1790000000.0 -34.31293
1791000000.0 -34.56245
1792000000.0 -34.64043
1793000000.0 -34.70179
1794000000.0 -34.61132
1795000000.0 -34.69141
1796000000.0 -34.82614
1797000000.0 -34.73512
1798000000.0 -34.67236
1799000000.0 -34.6838
1800000000.0 -34.92588
1801000000.0 -34.79615
1802000000.0 -34.38937
1803000000.0 -34.42303
1804000000.0 -34.52542
1805000000.0 -34.51182
1806000000.0 -34.23896
1807000000.0 -34.05332
1808000000.0 -34.26343
1809000000.0 -34.44893
1810000000.0 -34.29511
1811000000.0 -34.0638
1812000000.0 -34.19242
1813000000.0 -34.44563
1814000000.0 -34.57955
1815000000.0 -34.54355
1816000000.0 -34.55636
1817000000.0 -34.84914
1818000000.0 -34.97819
1819000000.0 -34.80088
1820000000.0 -34.66181
1821000000.0 -34.79913
1822000000.0 -35.06513
1823000000.0 -34.99276
1824000000.0 -34.86434
1825000000.0 -34.79921
1826000000.0 -34.80401
1827000000.0 -34.73409
1828000000.0 -34.54701
1829000000.0 -34.3653
1830000000.0 -34.31409
1831000000.0 -34.3179
1832000000.0 -34.52065
1833000000.0 -34.34378
1834000000.0 -34.25665
1835000000.0 -34.26793
1836000000.0 -34.34095
1837000000.0 -34.49048
1838000000.0 -34.74066
1839000000.0 -34.82067
1840000000.0 -34.75707
1841000000.0 -34.8642
1842000000.0 -34.77301
1843000000.0 -34.81742
1844000000.0 -34.68508
1845000000.0 -34.83657
1846000000.0 -34.89021
1847000000.0 -34.88932
1848000000.0 -34.86086
1849000000.0 -34.82352
1850000000.0 -34.65317
1851000000.0 -34.62587
1852000000.0 -34.59439
1853000000.0 -34.53116
1854000000.0 -34.52441
1855000000.0 -34.30848
1856000000.0 -34.4416
1857000000.0 -34.49983
1858000000.0 -34.34812
1859000000.0 -34.2899
1860000000.0 -34.39574
1861000000.0 -34.90288
1862000000.0 -34.83877
1863000000.0 -34.74615
1864000000.0 -34.83597
1865000000.0 -35.18661
1866000000.0 -35.29028
1867000000.0 -34.907
1868000000.0 -34.77937
1869000000.0 -35.14787
1870000000.0 -35.25833
1871000000.0 -35.19099
1872000000.0 -34.98452
1873000000.0 -35.08608
1874000000.0 -35.13322
1875000000.0 -34.96785
1876000000.0 -34.54823
1877000000.0 -34.52155
1878000000.0 -34.84189
1879000000.0 -35.08387
1880000000.0 -34.78222
1881000000.0 -34.57945
1882000000.0 -34.87129
1883000000.0 -35.0336
1884000000.0 -35.00114
1885000000.0 -35.10046
1886000000.0 -35.28276
1887000000.0 -35.55736
1888000000.0 -35.57695
1889000000.0 -35.50528
1890000000.0 -35.66007
1891000000.0 -35.58353
1892000000.0 -35.5792
1893000000.0 -35.69852
1894000000.0 -35.79216
1895000000.0 -35.77482
1896000000.0 -35.61754
1897000000.0 -35.58913
1898000000.0 -35.50527
1899000000.0 -35.38007
1900000000.0 -35.29632
1901000000.0 -35.52692
1902000000.0 -35.75198
1903000000.0 -35.66505
1904000000.0 -35.4292
1905000000.0 -35.30191
1906000000.0 -35.32798
1907000000.0 -35.52123
1908000000.0 -35.62634
1909000000.0 -35.63229
1910000000.0 -36.17511
1911000000.0 -36.16101
1912000000.0 -36.08876
1913000000.0 -36.09266
1914000000.0 -36.18361
1915000000.0 -36.28383
1916000000.0 -36.07457
1917000000.0 -36.2458
1918000000.0 -36.38608
1919000000.0 -36.32188
1920000000.0 -36.21456
1921000000.0 -36.0276
1922000000.0 -36.09388
1923000000.0 -35.9146
1924000000.0 -36.04967
1925000000.0 -36.03415
1926000000.0 -36.03636
1927000000.0 -36.10816
1928000000.0 -36.13189
1929000000.0 -35.99545
1930000000.0 -35.79489
1931000000.0 -35.81172
1932000000.0 -36.14114
1933000000.0 -36.37622
1934000000.0 -36.2745
1935000000.0 -36.54602
1936000000.0 -37.02039
1937000000.0 -37.00726
1938000000.0 -36.66622
1939000000.0 -36.82795
1940000000.0 -36.9359
1941000000.0 -37.18283
1942000000.0 -36.88546
1943000000.0 -36.69854
1944000000.0 -36.82454
1945000000.0 -36.88496
1946000000.0 -36.58591
1947000000.0 -36.22395
1948000000.0 -36.3885
1949000000.0 -36.72306
1950000000.0 -36.8211
1951000000.0 -36.61849
1952000000.0 -36.38898
1953000000.0 -36.6288
1954000000.0 -36.86197
1955000000.0 -36.60055
1956000000.0 -36.43927
1957000000.0 -36.95147
1958000000.0 -37.47491
1959000000.0 -37.49749
1960000000.0 -37.21968
1961000000.0 -37.50969
1962000000.0 -37.73001
1963000000.0 -37.65389
1964000000.0 -37.49559
1965000000.0 -37.62559
1966000000.0 -38.01951
1967000000.0 -37.78833
1968000000.0 -37.47489
1969000000.0 -37.22846
1970000000.0 -37.42684
1971000000.0 -37.2068
1972000000.0 -36.87222
1973000000.0 -37.01911
1974000000.0 -37.27951
1975000000.0 -37.51266
1976000000.0 -37.09824
1977000000.0 -36.86147
1978000000.0 -37.4317
1979000000.0 -37.69487
1980000000.0 -37.54438
1981000000.0 -37.47761
1982000000.0 -37.96631
1983000000.0 -38.43172
1984000000.0 -37.94997
1985000000.0 -37.39793
1986000000.0 -37.83705
1987000000.0 -38.5713
1988000000.0 -38.05363
1989000000.0 -37.67734
1990000000.0 -38.15454
1991000000.0 -38.51667
1992000000.0 -38.12651
1993000000.0 -37.33782
1994000000.0 -37.30865
1995000000.0 -37.97475
1996000000.0 -38.21502
1997000000.0 -37.2408
1998000000.0 -37.11605
1999000000.0 -37.73487
2000000000.0 -38.07046
2001000000.0 -37.94298
2002000000.0 -37.25035
2003000000.0 -36.92762
2004000000.0 -37.76757
2005000000.0 -38.17676
2006000000.0 -37.94408
2007000000.0 -37.52557
2008000000.0 -38.09998
2009000000.0 -38.63998
2010000000.0 -38.18549
2011000000.0 -37.76999
2012000000.0 -38.4115
2013000000.0 -39.04604
2014000000.0 -38.5401
2015000000.0 -38.02331
2016000000.0 -38.31679
2017000000.0 -38.79968
2018000000.0 -38.27981
2019000000.0 -37.30987
2020000000.0 -37.85455
2021000000.0 -38.44025
2022000000.0 -38.20153
2023000000.0 -37.35782
2024000000.0 -37.31519
2025000000.0 -37.96133
2026000000.0 -37.66493
2027000000.0 -37.18529
2028000000.0 -37.33792
2029000000.0 -38.16903
2030000000.0 -38.64802
2031000000.0 -38.29358
2032000000.0 -38.12365
2033000000.0 -38.73523
2034000000.0 -38.82194
2035000000.0 -38.07229
2036000000.0 -38.18207
2037000000.0 -38.6375
2038000000.0 -38.8451
2039000000.0 -38.34903
2040000000.0 -38.00972
2041000000.0 -38.6531
2042000000.0 -38.44345
2043000000.0 -37.73601
2044000000.0 -37.34649
2045000000.0 -38.23193
2046000000.0 -38.738
2047000000.0 -37.86178
2048000000.0 -36.97632
2049000000.0 -37.41653
2050000000.0 -38.29404
2051000000.0 -37.80271
2052000000.0 -37.11279
2053000000.0 -37.51122
2054000000.0 -38.58541
2055000000.0 -38.64672
2056000000.0 -37.89896
2057000000.0 -38.08872
2058000000.0 -38.81413
2059000000.0 -38.79337
2060000000.0 -38.40037
2061000000.0 -38.44233
2062000000.0 -39.08167
2063000000.0 -39.02436
2064000000.0 -38.31096
2065000000.0 -38.2638
2066000000.0 -38.33316
2067000000.0 -38.44809
2068000000.0 -37.81887
2069000000.0 -37.85664
2070000000.0 -38.11795
2071000000.0 -38.11123
2072000000.0 -37.32369
2073000000.0 -37.23972
2074000000.0 -37.598
2075000000.0 -37.7161
2076000000.0 -37.73803
2077000000.0 -37.44528
2078000000.0 -37.86202
2079000000.0 -38.4384
2080000000.0 -38.25176
2081000000.0 -38.1
2082000000.0 -38.50433
2083000000.0 -39.03307
2084000000.0 -39.11023
2085000000.0 -38.67411
2086000000.0 -39.02846
2087000000.0 -39.14341
2088000000.0 -38.17039
2089000000.0 -38.0295
2090000000.0 -38.32784
2091000000.0 -38.44863
2092000000.0 -37.68847
2093000000.0 -37.45144
2094000000.0 -37.72275
2095000000.0 -37.99271
2096000000.0 -37.32053
2097000000.0 -36.9017
2098000000.0 -37.27609
2099000000.0 -38.07224
2100000000.0 -37.78859
2101000000.0 -37.19877
2102000000.0 -37.48742
2103000000.0 -38.5615
2104000000.0 -38.55232
2105000000.0 -37.79974
2106000000.0 -37.9816
2107000000.0 -38.82851
2108000000.0 -38.90039
2109000000.0 -38.56905
2110000000.0 -38.54781
2111000000.0 -38.89792
2112000000.0 -38.72453
2113000000.0 -38.01945
2114000000.0 -37.70933
2115000000.0 -38.13132
2116000000.0 -38.32048
2117000000.0 -37.93773
2118000000.0 -37.47004
2119000000.0 -37.38757
2120000000.0 -37.68597
2121000000.0 -37.41024
2122000000.0 -37.41535
2123000000.0 -37.673
2124000000.0 -38.00282
2125000000.0 -37.89107
2126000000.0 -37.79022
2127000000.0 -38.06741
2128000000.0 -38.44217
2129000000.0 -38.29084
2130000000.0 -38.55295
2131000000.0 -38.99633
2132000000.0 -39.35708
2133000000.0 -39.17878
2134000000.0 -38.99488
2135000000.0 -39.06559
2136000000.0 -38.90981
2137000000.0 -38.24705
2138000000.0 -38.26243
2139000000.0 -38.66487
2140000000.0 -38.48156
2141000000.0 -38.09027
2142000000.0 -37.75426
2143000000.0 -38.13754
2144000000.0 -38.1666
2145000000.0 -37.59654
2146000000.0 -37.61563
2147000000.0 -38.17479
2148000000.0 -38.8245
2149000000.0 -38.30746
2150000000.0 -37.82244
2151000000.0 -38.43201
2152000000.0 -38.97906
2153000000.0 -38.76451
2154000000.0 -38.33407
2155000000.0 -38.83039
2156000000.0 -39.30128
2157000000.0 -39.36967
2158000000.0 -38.72254
2159000000.0 -38.86901
2160000000.0 -39.38519
2161000000.0 -39.36901
2162000000.0 -38.69028
2163000000.0 -38.78044
2164000000.0 -38.7759
2165000000.0 -38.551
2166000000.0 -38.2353
2167000000.0 -37.88246
2168000000.0 -37.94215
2169000000.0 -38.18048
2170000000.0 -37.76411
2171000000.0 -37.71536
2172000000.0 -37.99399
2173000000.0 -38.10195
2174000000.0 -38.17694
2175000000.0 -38.08266
2176000000.0 -38.2847
2177000000.0 -38.46058
2178000000.0 -38.784
2179000000.0 -38.89108
2180000000.0 -39.04653
2181000000.0 -39.09422
2182000000.0 -38.95075
2183000000.0 -39.02608
2184000000.0 -39.10528
2185000000.0 -39.07006
2186000000.0 -38.73169
2187000000.0 -38.86737
2188000000.0 -38.86987
2189000000.0 -38.71342
2190000000.0 -38.05035
2191000000.0 -38.13555
2192000000.0 -38.37031
2193000000.0 -38.33538
2194000000.0 -37.85191
2195000000.0 -37.94408
2196000000.0 -38.26892
2197000000.0 -38.71108
2198000000.0 -38.33009
2199000000.0 -38.30145
2200000000.0 -38.53463
2201000000.0 -39.07401
2202000000.0 -39.13949
2203000000.0 -38.98223
2204000000.0 -39.42307
2205000000.0 -39.58688
2206000000.0 -39.46829
2207000000.0 -39.04999
2208000000.0 -39.51011
2209000000.0 -39.55711
2210000000.0 -39.13458
2211000000.0 -39.22853
2212000000.0 -39.56767
2213000000.0 -39.4705
2214000000.0 -38.87728
2215000000.0 -38.36941
2216000000.0 -38.57917
2217000000.0 -38.75378
2218000000.0 -38.51213
2219000000.0 -38.18307
2220000000.0 -38.48699
2221000000.0 -38.97409
2222000000.0 -38.64509
2223000000.0 -38.39881
2224000000.0 -38.75709
2225000000.0 -39.56102
2226000000.0 -39.47543
2227000000.0 -39.46272
2228000000.0 -39.4033
2229000000.0 -39.95332
2230000000.0 -39.73373
2231000000.0 -39.45607
2232000000.0 -39.42741
2233000000.0 -39.75452
2234000000.0 -40.05882
2235000000.0 -39.50597
2236000000.0 -39.21856
2237000000.0 -39.3915
2238000000.0 -39.2467
2239000000.0 -38.78503
2240000000.0 -38.57623
2241000000.0 -38.55345
2242000000.0 -38.80039
2243000000.0 -38.93658
2244000000.0 -38.56624
2245000000.0 -38.75285
2246000000.0 -39.04373
2247000000.0 -38.91854
2248000000.0 -38.88396
2249000000.0 -39.18271
2250000000.0 -39.45193
2251000000.0 -39.56609
2252000000.0 -39.49272
2253000000.0 -39.68277
2254000000.0 -39.79471
2255000000.0 -39.81467
2256000000.0 -39.71949
2257000000.0 -39.68886
2258000000.0 -39.83392
2259000000.0 -39.92502
2260000000.0 -39.72644
2261000000.0 -39.79963
2262000000.0 -39.67099
2263000000.0 -39.51115
2264000000.0 -39.15305
2265000000.0 -39.43758
2266000000.0 -39.52677
2267000000.0 -39.1926
2268000000.0 -38.96652
2269000000.0 -39.09621
2270000000.0 -39.4357
2271000000.0 -39.47293
2272000000.0 -39.42773
2273000000.0 -39.60851
2274000000.0 -39.98047
2275000000.0 -40.25011
2276000000.0 -39.96978
2277000000.0 -40.15163
2278000000.0 -40.19174
2279000000.0 -40.26392
2280000000.0 -40.28423
2281000000.0 -40.04128
2282000000.0 -40.29444
2283000000.0 -40.3374
2284000000.0 -40.03062
2285000000.0 -39.87915
2286000000.0 -39.92828
2287000000.0 -39.70831
2288000000.0 -39.71356
2289000000.0 -39.56384
2290000000.0 -40.02441
2291000000.0 -40.02022
2292000000.0 -39.69991
2293000000.0 -39.42783
2294000000.0 -39.70033
2295000000.0 -40.16385
2296000000.0 -39.91212
2297000000.0 -39.98262
2298000000.0 -40.3915
2299000000.0 -40.99505
2300000000.0 -40.78084
2301000000.0 -40.31218
2302000000.0 -40.52886
2303000000.0 -40.94921
2304000000.0 -40.56714
2305000000.0 -40.28433
2306000000.0 -40.30403
2307000000.0 -40.72668
2308000000.0 -40.34996
2309000000.0 -39.65524
2310000000.0 -39.90456
2311000000.0 -40.29968
2312000000.0 -40.41693
2313000000.0 -39.6004
2314000000.0 -39.60813
2315000000.0 -40.01795
2316000000.0 -40.49474
2317000000.0 -39.54973
2318000000.0 -39.15588
2319000000.0 -39.98381
2320000000.0 -40.8849
2321000000.0 -40.47282
2322000000.0 -39.92079
2323000000.0 -40.15957
2324000000.0 -41.1732
2325000000.0 -41.1155
2326000000.0 -40.37257
2327000000.0 -40.19082
2328000000.0 -41.02692
2329000000.0 -41.16472
2330000000.0 -40.45089
2331000000.0 -40.13688
2332000000.0 -40.41869
2333000000.0 -41.06701
2334000000.0 -40.30531
2335000000.0 -39.77057
2336000000.0 -40.32785
2337000000.0 -40.55389
2338000000.0 -40.05128
2339000000.0 -39.54015
2340000000.0 -40.0988
2341000000.0 -40.67839
2342000000.0 -40.49977
2343000000.0 -40.119
2344000000.0 -40.10345
2345000000.0 -40.7614
2346000000.0 -40.83212
2347000000.0 -40.20443
2348000000.0 -40.64274
2349000000.0 -41.22403
2350000000.0 -41.10159
2351000000.0 -40.62625
2352000000.0 -40.51545
2353000000.0 -40.8492
2354000000.0 -40.90722
2355000000.0 -40.16146
2356000000.0 -40.25273
2357000000.0 -40.76013
2358000000.0 -40.53957
2359000000.0 -39.82661
2360000000.0 -39.86068
2361000000.0 -40.72742
2362000000.0 -40.94389
2363000000.0 -39.87282
2364000000.0 -39.70858
2365000000.0 -40.4067
2366000000.0 -40.58749
2367000000.0 -40.04191
2368000000.0 -39.71199
2369000000.0 -40.30232
2370000000.0 -41.10289
2371000000.0 -40.56916
2372000000.0 -40.05946
2373000000.0 -40.5973
2374000000.0 -41.318
2375000000.0 -40.86002
2376000000.0 -40.19862
2377000000.0 -40.5284
2378000000.0 -41.45816
2379000000.0 -40.74109
2380000000.0 -40.14929
2381000000.0 -40.20227
2382000000.0 -41.01532
2383000000.0 -40.71101
2384000000.0 -39.85558
2385000000.0 -40.0321
2386000000.0 -40.98626
2387000000.0 -41.10462
2388000000.0 -40.17435
2389000000.0 -39.99272
2390000000.0 -40.60144
2391000000.0 -40.91617
2392000000.0 -40.44425
2393000000.0 -40.27363
2394000000.0 -41.0485
2395000000.0 -41.71528
2396000000.0 -40.91703
2397000000.0 -40.52052
2398000000.0 -41.22746
2399000000.0 -41.65651
2400000000.0 -41.47831
2401000000.0 -40.68827
2402000000.0 -41.27816
2403000000.0 -41.61977
2404000000.0 -40.99287
2405000000.0 -40.59945
2406000000.0 -41.02493
2407000000.0 -41.26734
2408000000.0 -40.81312
2409000000.0 -40.57116
2410000000.0 -41.04018
2411000000.0 -41.1654
2412000000.0 -40.75121
2413000000.0 -40.299
2414000000.0 -40.90345
2415000000.0 -41.41025
2416000000.0 -41.18694
2417000000.0 -40.66743
2418000000.0 -41.04033
2419000000.0 -41.7527
2420000000.0 -41.57674
2421000000.0 -41.07098
2422000000.0 -41.18522
2423000000.0 -41.72546
2424000000.0 -41.13766
2425000000.0 -40.76088
2426000000.0 -41.01722
2427000000.0 -42.01226
2428000000.0 -41.29926
2429000000.0 -40.33374
2430000000.0 -40.45545
2431000000.0 -41.12794
2432000000.0 -41.04998
2433000000.0 -40.10799
2434000000.0 -40.22964
2435000000.0 -41.17758
2436000000.0 -41.539
2437000000.0 -40.23948
2438000000.0 -40.04904
2439000000.0 -41.09501
2440000000.0 -41.62991
2441000000.0 -40.6768
2442000000.0 -40.1681
2443000000.0 -41.08519
2444000000.0 -42.25257
2445000000.0 -41.35962
2446000000.0 -40.58787
2447000000.0 -40.98807
2448000000.0 -42.01281
2449000000.0 -41.53434
2450000000.0 -40.75354
2451000000.0 -40.88758
2452000000.0 -41.62856
2453000000.0 -41.18158
2454000000.0 -40.50294
2455000000.0 -40.46494
2456000000.0 -41.15839
2457000000.0 -41.0283
2458000000.0 -40.46268
2459000000.0 -40.54567
2460000000.0 -41.29263
2461000000.0 -41.08339
2462000000.0 -40.73386
2463000000.0 -40.57155
2464000000.0 -41.2594
2465000000.0 -40.98589
2466000000.0 -40.48087
2467000000.0 -40.73749
2468000000.0 -41.52979
2469000000.0 -41.50879
2470000000.0 -41.01506
2471000000.0 -40.76264
2472000000.0 -41.26059
2473000000.0 -41.674
2474000000.0 -40.69295
2475000000.0 -40.59412
2476000000.0 -41.01835
2477000000.0 -41.45409
2478000000.0 -41.16061
2479000000.0 -40.61243
2480000000.0 -40.98895
2481000000.0 -41.41094
2482000000.0 -41.08397
2483000000.0 -40.58804
2484000000.0 -40.83486
2485000000.0 -41.23607
2486000000.0 -41.23945
2487000000.0 -41.13121
2488000000.0 -41.1464
2489000000.0 -41.63071
2490000000.0 -41.43899
2491000000.0 -40.83801
2492000000.0 -40.9787
2493000000.0 -41.46268
2494000000.0 -41.36692
2495000000.0 -41.11552
2496000000.0 -41.30315
2497000000.0 -41.89269
2498000000.0 -41.67269
2499000000.0 -41.13556
2500000000.0 -41.18275
2501000000.0 -41.93806
2502000000.0 -41.47848
2503000000.0 -40.76606
2504000000.0 -40.71514
2505000000.0 -41.41476
2506000000.0 -41.79884
2507000000.0 -41.27849
2508000000.0 -41.05411
2509000000.0 -41.42415
2510000000.0 -42.04607
2511000000.0 -41.55584
2512000000.0 -41.16885
2513000000.0 -41.38454
2514000000.0 -41.81939
2515000000.0 -41.69007
2516000000.0 -41.32384
2517000000.0 -41.36331
2518000000.0 -41.62366
2519000000.0 -41.64256
2520000000.0 -41.37872
2521000000.0 -41.41981
2522000000.0 -41.739
2523000000.0 -41.93239
2524000000.0 -41.68686
2525000000.0 -41.25785
2526000000.0 -41.60472
2527000000.0 -41.30533
2528000000.0 -41.26464
2529000000.0 -41.29304
2530000000.0 -41.50574
2531000000.0 -41.34659
2532000000.0 -41.32638
2533000000.0 -41.56791
2534000000.0 -41.52732
2535000000.0 -41.35463
2536000000.0 -41.1561
2537000000.0 -41.51864
2538000000.0 -41.6741
2539000000.0 -41.74576
2540000000.0 -41.03729
2541000000.0 -41.45853
2542000000.0 -42.29698
2543000000.0 -41.82687
2544000000.0 -40.6799
2545000000.0 -40.70738
2546000000.0 -41.94039
2547000000.0 -42.07869
2548000000.0 -40.86271
2549000000.0 -40.46845
2550000000.0 -41.30156
2551000000.0 -42.19085
2552000000.0 -41.07556
2553000000.0 -39.90228
2554000000.0 -40.54943
2555000000.0 -42.16089
2556000000.0 -41.42086
2557000000.0 -40.37397
2558000000.0 -40.62096
2559000000.0 -42.01062
2560000000.0 -41.89759
2561000000.0 -40.68057
2562000000.0 -40.53963
2563000000.0 -41.81132
2564000000.0 -42.381
2565000000.0 -40.94494
2566000000.0 -40.59422
2567000000.0 -41.794
2568000000.0 -42.64228
2569000000.0 -41.35437
2570000000.0 -40.66336
2571000000.0 -41.58589
2572000000.0 -42.67753
2573000000.0 -41.57407
2574000000.0 -40.51165
2575000000.0 -41.0486
2576000000.0 -42.35615
2577000000.0 -41.60545
2578000000.0 -40.50896
2579000000.0 -41.03049
2580000000.0 -42.24289
2581000000.0 -41.8983
2582000000.0 -40.56621
2583000000.0 -40.81722
2584000000.0 -42.39978
2585000000.0 -42.10769
2586000000.0 -40.93095
2587000000.0 -40.67941
2588000000.0 -41.97092
2589000000.0 -42.53618
2590000000.0 -40.88585
2591000000.0 -40.55971
2592000000.0 -41.88094
2593000000.0 -42.50659
2594000000.0 -41.36357
2595000000.0 -40.7956
2596000000.0 -42.04725
2597000000.0 -42.58268
2598000000.0 -41.49921
2599000000.0 -40.9068
2600000000.0 -41.67603
2601000000.0 -42.55676
2602000000.0 -41.54368
2603000000.0 -40.73308
2604000000.0 -41.86448
2605000000.0 -42.75343
2606000000.0 -41.33361
2607000000.0 -40.33476
2608000000.0 -41.22964
2609000000.0 -42.70918
2610000000.0 -41.75809
2611000000.0 -40.1741
2612000000.0 -40.47501
2613000000.0 -42.64727
2614000000.0 -41.94465
2615000000.0 -40.18218
2616000000.0 -40.35296
2617000000.0 -42.16169
2618000000.0 -42.63533
2619000000.0 -40.84366
2620000000.0 -40.27651
2621000000.0 -41.89109
2622000000.0 -43.03556
2623000000.0 -41.86602
2624000000.0 -40.96445
2625000000.0 -41.86201
2626000000.0 -42.79108
2627000000.0 -41.86054
2628000000.0 -41.12946
2629000000.0 -42.03682
2630000000.0 -42.87079
2631000000.0 -42.33998
2632000000.0 -41.69849
2633000000.0 -42.1474
2634000000.0 -42.75771
2635000000.0 -42.14351
2636000000.0 -41.34477
2637000000.0 -41.80157
2638000000.0 -42.48817
2639000000.0 -42.26115
2640000000.0 -41.27316
2641000000.0 -41.73247
2642000000.0 -42.74192
2643000000.0 -42.27971
2644000000.0 -41.33121
2645000000.0 -41.56442
2646000000.0 -42.51768
2647000000.0 -42.55408
2648000000.0 -42.08144
2649000000.0 -42.27243
2650000000.0 -42.62437
2651000000.0 -42.38958
2652000000.0 -41.95199
2653000000.0 -42.36112
2654000000.0 -42.7114
2655000000.0 -42.8131
2656000000.0 -42.25293
2657000000.0 -42.93143
2658000000.0 -43.21552
2659000000.0 -42.49918
2660000000.0 -41.88614
2661000000.0 -41.91892
2662000000.0 -43.07244
2663000000.0 -42.69661
2664000000.0 -41.70193
2665000000.0 -41.68975
2666000000.0 -42.85623
2667000000.0 -42.90489
2668000000.0 -42.0684
2669000000.0 -41.97438
2670000000.0 -43.1295
2671000000.0 -43.30334
2672000000.0 -42.58068
2673000000.0 -42.22522
2674000000.0 -42.8252
2675000000.0 -43.17594
2676000000.0 -42.22602
2677000000.0 -42.59034
2678000000.0 -43.23926
2679000000.0 -43.08555
2680000000.0 -42.31776
2681000000.0 -42.40255
2682000000.0 -43.09795
2683000000.0 -43.491
2684000000.0 -42.57839
2685000000.0 -42.41827
2686000000.0 -43.45856
2687000000.0 -43.7042
2688000000.0 -42.63844
2689000000.0 -42.21649
2690000000.0 -42.98088
2691000000.0 -43.98493
2692000000.0 -43.1007
2693000000.0 -42.38512
2694000000.0 -43.03158
2695000000.0 -43.93094
2696000000.0 -43.48305
2697000000.0 -42.90966
2698000000.0 -43.01433
2699000000.0 -43.63023
2700000000.0 -43.24429
2701000000.0 -42.4944
2702000000.0 -43.22779
2703000000.0 -43.78371
2704000000.0 -43.26518
2705000000.0 -42.79078
2706000000.0 -43.11444
2707000000.0 -44.15434
2708000000.0 -43.39135
2709000000.0 -42.70341
2710000000.0 -42.94168
2711000000.0 -43.76808
2712000000.0 -44.05409
2713000000.0 -42.64389
2714000000.0 -42.36237
2715000000.0 -43.40866
2716000000.0 -44.08275
2717000000.0 -43.19514
2718000000.0 -43.01374
2719000000.0 -43.56091
2720000000.0 -44.62609
2721000000.0 -43.90421
2722000000.0 -43.19741
2723000000.0 -43.10847
2724000000.0 -44.00866
2725000000.0 -43.92027
2726000000.0 -43.00905
2727000000.0 -43.12061
2728000000.0 -43.96479
2729000000.0 -44.14685
2730000000.0 -43.65008
2731000000.0 -43.46515
2732000000.0 -44.33698
2733000000.0 -44.68369
2734000000.0 -44.40275
2735000000.0 -44.15189
2736000000.0 -44.2323
2737000000.0 -44.42441
2738000000.0 -44.30529
2739000000.0 -43.75499
2740000000.0 -43.70595
2741000000.0 -44.1926
2742000000.0 -44.50345
2743000000.0 -44.50664
2744000000.0 -44.02528
2745000000.0 -44.01927
2746000000.0 -44.2724
2747000000.0 -44.34089
2748000000.0 -44.13881
2749000000.0 -43.90853
2750000000.0 -44.22475
2751000000.0 -44.55088
2752000000.0 -44.288
2753000000.0 -44.07512
2754000000.0 -44.22091
2755000000.0 -44.7648
2756000000.0 -44.80693
2757000000.0 -44.45705
2758000000.0 -44.7786
2759000000.0 -45.4292
2760000000.0 -44.80622
2761000000.0 -44.50624
2762000000.0 -44.05026
2763000000.0 -44.58322
2764000000.0 -44.39359
2765000000.0 -44.14875
2766000000.0 -43.94526
2767000000.0 -44.57845
2768000000.0 -44.4823
2769000000.0 -44.12981
2770000000.0 -44.22091
2771000000.0 -44.56995
2772000000.0 -45.04271
2773000000.0 -44.32579
2774000000.0 -44.4264
2775000000.0 -44.94141
2776000000.0 -44.9865
2777000000.0 -44.14638
2778000000.0 -44.27957
2779000000.0 -45.12967
2780000000.0 -45.65493
2781000000.0 -44.50115
2782000000.0 -44.3628
2783000000.0 -45.75763
2784000000.0 -46.02483
2785000000.0 -44.0243
2786000000.0 -42.77109
2787000000.0 -44.00103
2788000000.0 -45.3205
2789000000.0 -44.52011
2790000000.0 -42.90282
2791000000.0 -43.10543
2792000000.0 -44.80448
2793000000.0 -44.63132
2794000000.0 -42.96161
2795000000.0 -42.89171
2796000000.0 -44.28815
2797000000.0 -45.07661
2798000000.0 -43.6451
2799000000.0 -43.05681
2800000000.0 -44.1778
2801000000.0 -45.26308
2802000000.0 -43.88857
2803000000.0 -42.80314
2804000000.0 -44.34454
2805000000.0 -46.15736
2806000000.0 -45.44651
2807000000.0 -43.90146
2808000000.0 -43.86567
2809000000.0 -45.4703
2810000000.0 -45.13659
2811000000.0 -43.66715
2812000000.0 -43.57494
2813000000.0 -45.26997
2814000000.0 -45.62668
2815000000.0 -43.91795
2816000000.0 -43.46016
2817000000.0 -44.61198
2818000000.0 -45.45751
2819000000.0 -44.35344
2820000000.0 -43.54783
2821000000.0 -45.07059
2822000000.0 -45.49208
2823000000.0 -44.53343
2824000000.0 -43.38969
2825000000.0 -44.03046
2826000000.0 -45.66872
2827000000.0 -45.04403
2828000000.0 -43.82745
2829000000.0 -44.4231
2830000000.0 -46.1866
2831000000.0 -45.46663
2832000000.0 -44.11486
2833000000.0 -43.82215
2834000000.0 -45.64708
2835000000.0 -45.8082
2836000000.0 -44.70002
2837000000.0 -44.39411
2838000000.0 -44.99981
2839000000.0 -45.7176
2840000000.0 -44.37431
2841000000.0 -43.91502
2842000000.0 -44.70137
2843000000.0 -45.47278
2844000000.0 -45.11289
2845000000.0 -44.46926
2846000000.0 -45.44224
2847000000.0 -45.54187
2848000000.0 -44.70777
2849000000.0 -44.19155
2850000000.0 -44.66001
2851000000.0 -45.39664
2852000000.0 -45.89947
2853000000.0 -44.62277
2854000000.0 -44.92575
2855000000.0 -46.21459
2856000000.0 -45.90399
2857000000.0 -44.84475
2858000000.0 -44.20986
2859000000.0 -44.84539
2860000000.0 -45.59475
2861000000.0 -45.13868
2862000000.0 -44.76144
2863000000.0 -44.79055
2864000000.0 -45.32701
2865000000.0 -45.92939
2866000000.0 -45.07314
2867000000.0 -44.88736
2868000000.0 -45.60146
2869000000.0 -45.73928
2870000000.0 -45.61043
2871000000.0 -45.01171
2872000000.0 -45.77604
2873000000.0 -46.05749
2874000000.0 -45.70446
2875000000.0 -45.22312
2876000000.0 -45.42896
2877000000.0 -46.02912
2878000000.0 -46.52014
2879000000.0 -45.98407
2880000000.0 -45.61164
2881000000.0 -45.96231
2882000000.0 -46.70193
2883000000.0 -45.816
2884000000.0 -45.48931
2885000000.0 -45.74655
2886000000.0 -46.18594
2887000000.0 -45.2524
2888000000.0 -45.44529
2889000000.0 -45.8055
2890000000.0 -46.0416
2891000000.0 -45.13855
2892000000.0 -45.02631
2893000000.0 -45.68781
2894000000.0 -46.41369
2895000000.0 -45.46158
2896000000.0 -44.9984
2897000000.0 -46.02018
2898000000.0 -46.80612
2899000000.0 -45.48298
2900000000.0 -44.60081
2901000000.0 -44.79033
2902000000.0 -47.06627
2903000000.0 -47.05878
2904000000.0 -44.57113
2905000000.0 -43.98869
2906000000.0 -45.80925
2907000000.0 -46.58115
2908000000.0 -44.50245
2909000000.0 -43.38442
2910000000.0 -44.17258
2911000000.0 -45.52715
2912000000.0 -44.22771
2913000000.0 -42.7411
2914000000.0 -43.39801
2915000000.0 -44.97953
2916000000.0 -44.6663
2917000000.0 -43.29794
2918000000.0 -43.48563
2919000000.0 -45.61934
2920000000.0 -45.36614
2921000000.0 -43.05835
2922000000.0 -42.97474
2923000000.0 -44.97385
2924000000.0 -46.71803
2925000000.0 -44.19216
2926000000.0 -43.11103
2927000000.0 -44.23362
2928000000.0 -46.56154
2929000000.0 -45.46569
2930000000.0 -43.72887
2931000000.0 -44.47596
2932000000.0 -46.20371
2933000000.0 -45.84125
2934000000.0 -43.90364
2935000000.0 -43.83313
2936000000.0 -45.39482
2937000000.0 -45.5345
2938000000.0 -44.07582
2939000000.0 -44.06182
2940000000.0 -45.98372
2941000000.0 -45.45877
2942000000.0 -43.85937
2943000000.0 -43.94367
2944000000.0 -45.8465
2945000000.0 -46.60261
2946000000.0 -44.22489
2947000000.0 -43.6172
2948000000.0 -45.89745
2949000000.0 -47.13206
2950000000.0 -44.95866
2951000000.0 -43.66261
2952000000.0 -44.74876
2953000000.0 -46.90903
2954000000.0 -46.1163
2955000000.0 -45.01171
2956000000.0 -45.56312
2957000000.0 -46.9038
2958000000.0 -45.78757
2959000000.0 -44.60837
2960000000.0 -44.97804
2961000000.0 -46.46544
2962000000.0 -46.29486
2963000000.0 -44.69459
2964000000.0 -45.64191
2965000000.0 -46.90335
2966000000.0 -45.73058
2967000000.0 -44.70449
2968000000.0 -45.39615
2969000000.0 -47.3644
2970000000.0 -46.90924
2971000000.0 -45.25433
2972000000.0 -45.70314
2973000000.0 -47.64391
2974000000.0 -46.77814
2975000000.0 -44.47598
2976000000.0 -44.83186
2977000000.0 -47.35618
2978000000.0 -47.30106
2979000000.0 -45.31511
2980000000.0 -45.0783
2981000000.0 -46.59023
2982000000.0 -47.09252
2983000000.0 -45.27496
2984000000.0 -45.00295
2985000000.0 -46.42731
2986000000.0 -46.77365
2987000000.0 -45.07052
2988000000.0 -45.08783
2989000000.0 -46.53161
2990000000.0 -46.88339
2991000000.0 -44.99361
2992000000.0 -44.49623
2993000000.0 -46.2426
2994000000.0 -48.35384
2995000000.0 -46.20428
2996000000.0 -44.35988
2997000000.0 -45.49192
2998000000.0 -47.45515
2999000000.0 -46.03494
3000000000.0 -43.82614
