400000000.0 -44.51422
410000000.0 -42.54291
420000000.0 -43.09637
430000000.0 -38.96317
440000000.0 -45.3779
450000000.0 -45.67583
460000000.0 -45.44228
470000000.0 -46.35525
480000000.0 -47.27043
490000000.0 -47.89811
500000000.0 -48.4122
510000000.0 -46.27718
520000000.0 -46.72473
530000000.0 -42.26178
540000000.0 -48.38647
550000000.0 -47.93395
560000000.0 -48.43967
570000000.0 -48.0996
580000000.0 -45.72691
590000000.0 -43.94043
600000000.0 -47.28668
610000000.0 -47.64844
620000000.0 -48.61588
630000000.0 -47.05679
640000000.0 -49.24834
650000000.0 -47.36388
660000000.0 -46.44016
670000000.0 -49.98513
680000000.0 -44.68687
690000000.0 -48.78819
700000000.0 -46.63758
710000000.0 -46.16159
720000000.0 -45.8468
730000000.0 -47.00945
740000000.0 -45.72208
750000000.0 -45.80306
760000000.0 -44.87582
770000000.0 -46.13772
780000000.0 -45.36936
790000000.0 -45.61856
800000000.0 -46.83801
810000000.0 -45.26902
820000000.0 -43.68822
830000000.0 -44.93631
840000000.0 -46.889
850000000.0 -45.20129
860000000.0 -46.99485
870000000.0 -47.60307
880000000.0 -47.86341
890000000.0 -46.03477
900000000.0 -46.57586
910000000.0 -45.39066
920000000.0 -44.79168
930000000.0 -46.2937
940000000.0 -48.25164
950000000.0 -44.61422
960000000.0 -47.74179
970000000.0 -47.54999
980000000.0 -47.18996
990000000.0 -46.86217
1000000000.0 -47.30169
1010000000.0 -47.43642
1020000000.0 -46.33107
1030000000.0 -46.61324
1040000000.0 -50.08923
1050000000.0 -46.72626
1060000000.0 -47.3229
1070000000.0 -46.90281
1080000000.0 -46.42267
1090000000.0 -46.77913
1100000000.0 -47.85338
1110000000.0 -48.44666
1120000000.0 -46.91731
1130000000.0 -45.8945
1140000000.0 -48.17324
1150000000.0 -46.2684
1160000000.0 -47.29933
1170000000.0 -47.35158
1180000000.0 -47.96067
1190000000.0 -49.12242
1200000000.0 -47.83851
1210000000.0 -47.15345
1220000000.0 -46.59271
1230000000.0 -46.19183
1240000000.0 -47.35323
1250000000.0 -44.95409
1260000000.0 -46.77252
1270000000.0 -45.59217
1280000000.0 -43.42934
1290000000.0 -46.08738
1300000000.0 -45.87866
1310000000.0 -44.74999
1320000000.0 -46.57289
1330000000.0 -45.61119
1340000000.0 -43.83804
1350000000.0 -44.24768
1360000000.0 -43.46181
1370000000.0 -46.438
1380000000.0 -44.47923
1390000000.0 -44.67732
1400000000.0 -44.6455
1410000000.0 -45.34589
1420000000.0 -45.81657
1430000000.0 -44.45397
1440000000.0 -45.91941
1450000000.0 -45.14351
1460000000.0 -44.65316
1470000000.0 -45.95748
1480000000.0 -43.95833
1490000000.0 -45.49639
1500000000.0 -44.03979
1510000000.0 -44.75368
1520000000.0 -46.97515
1530000000.0 -46.69593
1540000000.0 -46.9109
1550000000.0 -44.26627
1560000000.0 -45.64372
1570000000.0 -46.76611
1580000000.0 -45.53958
1590000000.0 -46.02933
1600000000.0 -46.69226
1610000000.0 -45.18972
1620000000.0 -46.75988
1630000000.0 -45.71597
1640000000.0 -45.64509
1650000000.0 -45.81967
1660000000.0 -45.71353
1670000000.0 -44.81204
1680000000.0 -46.78909
1690000000.0 -46.50005
1700000000.0 -45.49203
1710000000.0 -45.15757
1720000000.0 -43.82705
1730000000.0 -46.09685
1740000000.0 -46.48911
1750000000.0 -44.52948
1760000000.0 -47.12745
1770000000.0 -46.13615
1780000000.0 -47.82835
1790000000.0 -45.0471
1800000000.0 -47.67635
1810000000.0 -46.65699
1820000000.0 -46.62489
1830000000.0 -44.95863
1840000000.0 -47.65178
1850000000.0 -46.96091
1860000000.0 -46.7579
1870000000.0 -47.61079
1880000000.0 -44.71467
1890000000.0 -45.52518
1900000000.0 -45.64458
1910000000.0 -45.53146
1920000000.0 -46.05502
1930000000.0 -42.91753
1940000000.0 -44.08213
1950000000.0 -44.68264
1960000000.0 -46.93926
1970000000.0 -47.25871
1980000000.0 -44.09841
1990000000.0 -43.25267
2000000000.0 -44.25047
2010000000.0 -44.88505
2020000000.0 -45.52071
2030000000.0 -45.65512
2040000000.0 -44.14797
2050000000.0 -44.39369
2060000000.0 -46.85559
2070000000.0 -44.57563
2080000000.0 -42.65615
2090000000.0 -44.49816
2100000000.0 -44.0086
2110000000.0 -44.77543
2120000000.0 -45.91542
2130000000.0 -45.39236
2140000000.0 -46.61256
2150000000.0 -45.44837
2160000000.0 -44.29373
2170000000.0 -46.71177
2180000000.0 -44.9382
2190000000.0 -47.45782
2200000000.0 -45.22717
2210000000.0 -45.18786
2220000000.0 -46.56221
2230000000.0 -45.09538
2240000000.0 -47.30568
2250000000.0 -45.04805
2260000000.0 -45.54033
2270000000.0 -45.84821
2280000000.0 -45.85349
2290000000.0 -45.2832
2300000000.0 -44.64804
2310000000.0 -44.55058
2320000000.0 -45.33838
2330000000.0 -46.31039
2340000000.0 -43.99153
2350000000.0 -46.03329
2360000000.0 -45.52952
2370000000.0 -43.61339
2380000000.0 -47.26234
2390000000.0 -45.43322
2400000000.0 -44.37912
2410000000.0 -46.13518
2420000000.0 -46.26165
2430000000.0 -45.00508
2440000000.0 -45.76142
2450000000.0 -43.7695
2460000000.0 -44.44008
2470000000.0 -46.64288
2480000000.0 -44.94269
2490000000.0 -45.99485
2500000000.0 -46.74405
2510000000.0 -44.17908
2520000000.0 -45.12571
2530000000.0 -43.58971
2540000000.0 -44.95025
2550000000.0 -43.04856
2560000000.0 -42.37275
2570000000.0 -44.31789
2580000000.0 -43.81133
2590000000.0 -42.91719
2600000000.0 -46.3017
2610000000.0 -42.60354
2620000000.0 -41.96882
2630000000.0 -46.67259
2640000000.0 -44.53696
2650000000.0 -42.95617
2660000000.0 -45.56288
2670000000.0 -42.21533
2680000000.0 -45.41858
2690000000.0 -43.80184
2700000000.0 -42.18388
2710000000.0 -42.75361
2720000000.0 -42.00105
2730000000.0 -43.42361
2740000000.0 -45.64418
2750000000.0 -44.63715
2760000000.0 -45.06595
2770000000.0 -47.19565
2780000000.0 -44.99334
2790000000.0 -42.43945
2800000000.0 -42.83356
2810000000.0 -43.0917
2820000000.0 -42.98612
2830000000.0 -44.25761
2840000000.0 -45.67345
2850000000.0 -45.0331
2860000000.0 -44.61173
2870000000.0 -47.33502
2880000000.0 -45.47747
2890000000.0 -44.32777
2900000000.0 -45.77447
2910000000.0 -44.62531
2920000000.0 -43.4736
2930000000.0 -44.00198
2940000000.0 -45.41683
2950000000.0 -45.51264
2960000000.0 -43.53807
2970000000.0 -46.48812
2980000000.0 -46.72808
2990000000.0 -45.71443
3000000000.0 -43.16833
 
