400000000.0 -44.68694
410000000.0 -39.81837
420000000.0 -43.70076
430000000.0 -37.26023
440000000.0 -42.53148
450000000.0 -44.29147
460000000.0 -44.29477
470000000.0 -46.2205
480000000.0 -46.13608
490000000.0 -48.41537
500000000.0 -46.51242
510000000.0 -47.7106
520000000.0 -45.12978
530000000.0 -43.31532
540000000.0 -45.19831
550000000.0 -46.72894
560000000.0 -45.01444
570000000.0 -45.01743
580000000.0 -45.91424
590000000.0 -46.27058
600000000.0 -47.17007
610000000.0 -46.66823
620000000.0 -44.43179
630000000.0 -47.29398
640000000.0 -44.78778
650000000.0 -46.18028
660000000.0 -44.66348
670000000.0 -45.51512
680000000.0 -45.39374
690000000.0 -46.45979
700000000.0 -46.45399
710000000.0 -45.94855
720000000.0 -46.36639
730000000.0 -45.15316
740000000.0 -46.32282
750000000.0 -43.16275
760000000.0 -43.86106
770000000.0 -45.40651
780000000.0 -44.17661
790000000.0 -45.9913
800000000.0 -44.18008
810000000.0 -45.2179
820000000.0 -46.48533
830000000.0 -46.51851
840000000.0 -46.23619
850000000.0 -44.7671
860000000.0 -46.07422
870000000.0 -45.64645
880000000.0 -45.861
890000000.0 -47.97689
900000000.0 -46.63386
910000000.0 -46.87111
920000000.0 -44.0561
930000000.0 -46.53457
940000000.0 -45.74672
950000000.0 -43.8457
960000000.0 -46.1406
970000000.0 -46.51982
980000000.0 -44.7803
990000000.0 -44.29959
1000000000.0 -43.97826
1010000000.0 -44.58057
1020000000.0 -45.00388
1030000000.0 -44.3142
1040000000.0 -46.62199
1050000000.0 -46.27747
1060000000.0 -44.83157
1070000000.0 -44.92376
1080000000.0 -45.12778
1090000000.0 -44.71087
1100000000.0 -43.3303
1110000000.0 -41.31
1120000000.0 -43.76087
1130000000.0 -43.47317
1140000000.0 -45.234
1150000000.0 -43.9253
1160000000.0 -46.44569
1170000000.0 -45.5523
1180000000.0 -45.04147
1190000000.0 -43.76882
1200000000.0 -44.80234
1210000000.0 -42.28691
1220000000.0 -44.57261
1230000000.0 -44.39326
1240000000.0 -44.77379
1250000000.0 -44.14404
1260000000.0 -42.2205
1270000000.0 -42.65094
1280000000.0 -41.40585
1290000000.0 -42.19748
1300000000.0 -41.41078
1310000000.0 -43.66947
1320000000.0 -43.31962
1330000000.0 -42.87903
1340000000.0 -42.44201
1350000000.0 -45.35029
1360000000.0 -41.37262
1370000000.0 -43.73539
1380000000.0 -44.99613
1390000000.0 -44.26744
1400000000.0 -43.99897
1410000000.0 -45.35617
1420000000.0 -44.68837
1430000000.0 -45.18106
1440000000.0 -44.36611
1450000000.0 -44.55117
1460000000.0 -46.25637
1470000000.0 -44.01547
1480000000.0 -44.51827
1490000000.0 -45.98942
1500000000.0 -44.66692
1510000000.0 -43.23583
1520000000.0 -45.40791
1530000000.0 -43.93493
1540000000.0 -47.24554
1550000000.0 -45.80617
1560000000.0 -46.8744
1570000000.0 -47.29066
1580000000.0 -44.9338
1590000000.0 -45.52231
1600000000.0 -44.71108
1610000000.0 -44.12807
1620000000.0 -46.70417
1630000000.0 -46.10462
1640000000.0 -43.67981
1650000000.0 -46.2564
1660000000.0 -44.95005
1670000000.0 -43.96245
1680000000.0 -45.92385
1690000000.0 -46.49716
1700000000.0 -45.86047
1710000000.0 -45.1564
1720000000.0 -45.24745
1730000000.0 -43.9094
1740000000.0 -44.44135
1750000000.0 -46.56924
1760000000.0 -45.90786
1770000000.0 -48.45985
1780000000.0 -46.26534
1790000000.0 -44.73682
1800000000.0 -45.24507
1810000000.0 -47.11221
1820000000.0 -45.0935
1830000000.0 -43.3504
1840000000.0 -44.97325
1850000000.0 -45.98447
1860000000.0 -43.66161
1870000000.0 -44.23343
1880000000.0 -45.11391
1890000000.0 -45.62386
1900000000.0 -44.47449
1910000000.0 -43.98267
1920000000.0 -44.98368
1930000000.0 -44.11164
1940000000.0 -46.3729
1950000000.0 -46.7436
1960000000.0 -45.86465
1970000000.0 -44.53281
1980000000.0 -44.43731
1990000000.0 -45.00409
2000000000.0 -46.71861
2010000000.0 -43.88355
2020000000.0 -45.06714
2030000000.0 -46.5453
2040000000.0 -44.14608
2050000000.0 -44.22422
2060000000.0 -47.26385
2070000000.0 -46.10372
2080000000.0 -44.3811
2090000000.0 -44.32079
2100000000.0 -45.27626
2110000000.0 -46.83918
2120000000.0 -44.22857
2130000000.0 -42.77755
2140000000.0 -45.12358
2150000000.0 -43.02183
2160000000.0 -45.07229
2170000000.0 -42.58844
2180000000.0 -44.43943
2190000000.0 -45.27314
2200000000.0 -43.57958
2210000000.0 -44.53489
2220000000.0 -45.10968
2230000000.0 -44.61886
2240000000.0 -43.0374
2250000000.0 -44.19066
2260000000.0 -45.97237
2270000000.0 -43.58464
2280000000.0 -46.82526
2290000000.0 -46.18715
2300000000.0 -45.71045
2310000000.0 -45.66613
2320000000.0 -45.83179
2330000000.0 -45.3151
2340000000.0 -44.32484
2350000000.0 -45.95648
2360000000.0 -44.42249
2370000000.0 -44.92072
2380000000.0 -44.68053
2390000000.0 -44.24545
2400000000.0 -44.63264
2410000000.0 -45.68016
2420000000.0 -43.59236
2430000000.0 -44.3755
2440000000.0 -43.79136
2450000000.0 -44.77573
2460000000.0 -45.79351
2470000000.0 -45.35365
2480000000.0 -45.50143
2490000000.0 -44.60354
2500000000.0 -45.13176
2510000000.0 -45.2331
2520000000.0 -46.07308
2530000000.0 -44.38038
2540000000.0 -44.56007
2550000000.0 -45.94084
2560000000.0 -42.7432
2570000000.0 -43.55972
2580000000.0 -43.75545
2590000000.0 -44.06086
2600000000.0 -44.61051
2610000000.0 -44.79865
2620000000.0 -42.26419
2630000000.0 -45.43003
2640000000.0 -44.03881
2650000000.0 -43.42575
2660000000.0 -45.35017
2670000000.0 -43.05028
2680000000.0 -46.34948
2690000000.0 -44.29714
2700000000.0 -42.06185
2710000000.0 -45.80855
2720000000.0 -41.96708
2730000000.0 -43.79037
2740000000.0 -45.37213
2750000000.0 -45.8728
2760000000.0 -46.31162
2770000000.0 -46.11499
2780000000.0 -44.48616
2790000000.0 -42.5478
2800000000.0 -43.38
2810000000.0 -44.09631
2820000000.0 -43.88652
2830000000.0 -42.63651
2840000000.0 -44.41426
2850000000.0 -44.16327
2860000000.0 -42.36172
2870000000.0 -45.59074
2880000000.0 -45.82362
2890000000.0 -45.66725
2900000000.0 -45.08191
2910000000.0 -42.57535
2920000000.0 -43.24435
2930000000.0 -44.99797
2940000000.0 -44.75415
2950000000.0 -45.50385
2960000000.0 -46.20099
2970000000.0 -44.81417
2980000000.0 -43.79222
2990000000.0 -44.87505
3000000000.0 -44.38437
 
