400000000.0 -30.30841
401000000.0 -30.83962
402000000.0 -31.09191
403000000.0 -30.43531
404000000.0 -30.56555
405000000.0 -31.49263
406000000.0 -32.26337
407000000.0 -32.57315
408000000.0 -33.01116
409000000.0 -33.53788
410000000.0 -33.29
411000000.0 -32.17484
412000000.0 -31.56993
413000000.0 -31.78978
414000000.0 -32.07202
415000000.0 -31.96885
416000000.0 -31.97929
417000000.0 -32.19777
418000000.0 -32.2749
419000000.0 -31.86057
420000000.0 -31.21975
421000000.0 -30.99166
422000000.0 -30.88203
423000000.0 -30.74022
424000000.0 -30.58636
425000000.0 -30.64618
426000000.0 -30.88981
427000000.0 -31.2044
428000000.0 -31.60988
429000000.0 -32.09253
430000000.0 -32.16768
431000000.0 -31.95966
432000000.0 -31.50606
433000000.0 -30.9764
434000000.0 -30.08706
435000000.0 -29.27129
436000000.0 -28.65952
437000000.0 -28.78804
438000000.0 -29.06477
439000000.0 -29.1657
440000000.0 -29.18662
441000000.0 -29.48055
442000000.0 -29.91386
443000000.0 -30.04779
444000000.0 -29.71769
445000000.0 -29.49435
446000000.0 -29.69344
447000000.0 -30.05842
448000000.0 -30.19506
449000000.0 -30.1582
450000000.0 -30.17282
451000000.0 -30.4473
452000000.0 -30.88171
453000000.0 -31.0787
454000000.0 -31.07961
455000000.0 -31.41046
456000000.0 -32.22676
457000000.0 -32.75275
458000000.0 -32.48952
459000000.0 -31.80833
460000000.0 -31.41967
461000000.0 -31.60541
462000000.0 -31.66881
463000000.0 -31.27094
464000000.0 -30.90073
465000000.0 -30.75174
466000000.0 -30.86433
467000000.0 -30.95636
468000000.0 -30.98304
469000000.0 -30.88146
470000000.0 -31.25084
471000000.0 -31.98606
472000000.0 -32.28291
473000000.0 -31.71778
474000000.0 -31.04633
475000000.0 -30.88631
476000000.0 -31.11664
477000000.0 -30.83137
478000000.0 -30.09142
479000000.0 -29.86915
480000000.0 -30.26378
481000000.0 -30.27331
482000000.0 -29.63231
483000000.0 -28.96355
484000000.0 -28.72203
485000000.0 -28.61146
486000000.0 -28.33933
487000000.0 -28.04974
488000000.0 -27.89031
489000000.0 -27.77271
490000000.0 -27.62969
491000000.0 -27.79362
492000000.0 -27.83293
493000000.0 -27.75176
494000000.0 -27.7797
495000000.0 -28.1294
496000000.0 -28.36251
497000000.0 -28.20762
498000000.0 -27.75837
499000000.0 -27.51327
500000000.0 -27.67377
501000000.0 -27.6774
502000000.0 -27.49527
503000000.0 -27.38379
504000000.0 -27.57793
505000000.0 -27.88773
506000000.0 -27.86039
507000000.0 -27.77353
508000000.0 -27.84808
509000000.0 -28.07166
510000000.0 -28.22296
511000000.0 -28.19553
512000000.0 -28.21097
513000000.0 -28.3521
514000000.0 -28.48878
515000000.0 -28.59019
516000000.0 -28.65537
517000000.0 -28.73271
518000000.0 -28.65754
519000000.0 -28.64566
520000000.0 -28.80092
521000000.0 -28.7685
522000000.0 -28.64189
523000000.0 -28.51049
524000000.0 -28.50253
525000000.0 -28.48674
526000000.0 -28.20446
527000000.0 -28.00978
528000000.0 -27.93469
529000000.0 -27.92665
530000000.0 -27.66556
531000000.0 -27.48744
532000000.0 -27.52261
533000000.0 -27.54712
534000000.0 -27.44812
535000000.0 -27.59096
536000000.0 -27.85359
537000000.0 -28.00468
538000000.0 -27.91666
539000000.0 -28.01085
540000000.0 -28.32946
541000000.0 -28.43737
542000000.0 -28.29822
543000000.0 -28.12721
544000000.0 -28.24383
545000000.0 -28.32
546000000.0 -28.11308
547000000.0 -27.96629
548000000.0 -27.8525
549000000.0 -27.74312
550000000.0 -27.59608
551000000.0 -27.50805
552000000.0 -27.50594
553000000.0 -27.34589
554000000.0 -27.28829
555000000.0 -27.50452
556000000.0 -27.59943
557000000.0 -27.43012
558000000.0 -27.30361
559000000.0 -27.46878
560000000.0 -27.63047
561000000.0 -27.56411
562000000.0 -27.38702
563000000.0 -27.30177
564000000.0 -27.29943
565000000.0 -27.31778
566000000.0 -27.25125
567000000.0 -27.13098
568000000.0 -27.11839
569000000.0 -27.19246
570000000.0 -27.32123
571000000.0 -27.38573
572000000.0 -27.35374
573000000.0 -27.45528
574000000.0 -27.62013
575000000.0 -27.61068
576000000.0 -27.46441
577000000.0 -27.47102
578000000.0 -27.52124
579000000.0 -27.62208
580000000.0 -27.60754
581000000.0 -27.59055
582000000.0 -27.58146
583000000.0 -27.58047
584000000.0 -27.66692
585000000.0 -27.72646
586000000.0 -27.62019
587000000.0 -27.56429
588000000.0 -27.7498
589000000.0 -27.90081
590000000.0 -27.82543
591000000.0 -27.66429
592000000.0 -27.6745
593000000.0 -27.79165
594000000.0 -27.77057
595000000.0 -27.71483
596000000.0 -27.74187
597000000.0 -27.85477
598000000.0 -27.78878
599000000.0 -27.77339
600000000.0 -27.75562
601000000.0 -27.80669
602000000.0 -27.83673
603000000.0 -27.85137
604000000.0 -27.97037
605000000.0 -27.89831
606000000.0 -27.67828
607000000.0 -27.59871
608000000.0 -27.57147
609000000.0 -27.52022
610000000.0 -27.40749
611000000.0 -27.44859
612000000.0 -27.43078
613000000.0 -27.38462
614000000.0 -27.25857
615000000.0 -27.12694
616000000.0 -27.09977
617000000.0 -26.95513
618000000.0 -26.99486
619000000.0 -27.05713
620000000.0 -27.09607
621000000.0 -26.99489
622000000.0 -26.9189
623000000.0 -26.9144
624000000.0 -26.89994
625000000.0 -26.87738
626000000.0 -26.91151
627000000.0 -26.98322
628000000.0 -26.9686
629000000.0 -26.974
630000000.0 -26.99696
631000000.0 -27.04274
632000000.0 -27.04631
633000000.0 -27.1783
634000000.0 -27.23676
635000000.0 -27.19439
636000000.0 -27.08395
637000000.0 -27.13018
638000000.0 -27.17533
639000000.0 -27.1239
640000000.0 -27.09277
641000000.0 -27.07274
642000000.0 -27.08461
643000000.0 -27.07654
644000000.0 -27.00845
645000000.0 -27.06586
646000000.0 -27.05326
647000000.0 -26.98289
648000000.0 -27.02283
649000000.0 -27.07757
650000000.0 -27.09837
651000000.0 -27.05339
652000000.0 -26.99211
653000000.0 -27.05462
654000000.0 -27.03964
655000000.0 -26.98428
656000000.0 -26.99157
657000000.0 -27.0712
658000000.0 -27.0425
659000000.0 -27.11983
660000000.0 -27.2161
661000000.0 -27.21355
662000000.0 -27.08429
663000000.0 -27.08402
664000000.0 -27.18703
665000000.0 -27.12751
666000000.0 -27.0652
667000000.0 -27.1886
668000000.0 -27.2969
669000000.0 -27.31398
670000000.0 -27.23569
671000000.0 -27.20436
672000000.0 -27.33859
673000000.0 -27.33937
674000000.0 -27.35549
675000000.0 -27.38063
676000000.0 -27.44995
677000000.0 -27.32203
678000000.0 -27.31319
679000000.0 -27.36755
680000000.0 -27.35181
681000000.0 -27.38882
682000000.0 -27.4205
683000000.0 -27.54991
684000000.0 -27.54314
685000000.0 -27.42333
686000000.0 -27.36349
687000000.0 -27.39881
688000000.0 -27.42413
689000000.0 -27.48875
690000000.0 -27.56363
691000000.0 -27.58135
692000000.0 -27.57515
693000000.0 -27.62151
694000000.0 -27.62139
695000000.0 -27.66619
696000000.0 -27.75439
697000000.0 -27.86954
698000000.0 -28.10117
699000000.0 -28.08199
700000000.0 -27.93341
701000000.0 -27.81119
702000000.0 -27.81844
703000000.0 -27.83995
704000000.0 -27.85859
705000000.0 -27.90039
706000000.0 -27.89836
707000000.0 -27.889
708000000.0 -27.86221
709000000.0 -27.90664
710000000.0 -27.89729
711000000.0 -27.85777
712000000.0 -27.91938
713000000.0 -28.1037
714000000.0 -28.07557
715000000.0 -27.95152
716000000.0 -27.93143
717000000.0 -27.98073
718000000.0 -27.99305
719000000.0 -27.87264
720000000.0 -27.99736
721000000.0 -28.15001
722000000.0 -28.13305
723000000.0 -28.06736
724000000.0 -28.12895
725000000.0 -28.17217
726000000.0 -28.16624
727000000.0 -28.14418
728000000.0 -28.18663
729000000.0 -28.29577
730000000.0 -28.16399
731000000.0 -28.1369
732000000.0 -28.15382
733000000.0 -28.12783
734000000.0 -28.0351
735000000.0 -27.91808
736000000.0 -27.91913
737000000.0 -28.0275
738000000.0 -27.98969
739000000.0 -27.8844
740000000.0 -27.8759
741000000.0 -27.84531
742000000.0 -27.87617
743000000.0 -27.91694
744000000.0 -27.92794
745000000.0 -27.95096
746000000.0 -28.05863
747000000.0 -28.23333
748000000.0 -28.09038
749000000.0 -28.02326
750000000.0 -28.07137
751000000.0 -28.07943
752000000.0 -28.04406
753000000.0 -28.10802
754000000.0 -28.12469
755000000.0 -28.05476
756000000.0 -27.98312
757000000.0 -28.02983
758000000.0 -28.06235
759000000.0 -27.96235
760000000.0 -27.87288
761000000.0 -28.04604
762000000.0 -28.19211
763000000.0 -28.03426
764000000.0 -27.79118
765000000.0 -27.79557
766000000.0 -27.93132
767000000.0 -27.87758
768000000.0 -27.73432
769000000.0 -27.86883
770000000.0 -28.07943
771000000.0 -27.98685
772000000.0 -27.87022
773000000.0 -27.84
774000000.0 -27.95957
775000000.0 -28.03713
776000000.0 -28.0682
777000000.0 -28.17893
778000000.0 -28.14295
779000000.0 -28.09516
780000000.0 -28.06417
781000000.0 -28.02872
782000000.0 -27.94026
783000000.0 -27.95748
784000000.0 -28.13277
785000000.0 -28.2077
786000000.0 -28.04112
787000000.0 -27.92575
788000000.0 -27.92871
789000000.0 -27.96648
790000000.0 -27.96195
791000000.0 -27.96277
792000000.0 -28.02414
793000000.0 -27.98919
794000000.0 -27.90037
795000000.0 -27.92293
796000000.0 -27.91421
797000000.0 -27.8205
798000000.0 -27.82695
799000000.0 -27.96578
800000000.0 -28.07911
801000000.0 -27.91952
802000000.0 -27.76022
803000000.0 -27.7674
804000000.0 -27.81918
805000000.0 -27.69754
806000000.0 -27.64047
807000000.0 -27.72771
808000000.0 -27.83493
809000000.0 -27.80229
810000000.0 -27.67707
811000000.0 -27.72084
812000000.0 -27.77709
813000000.0 -27.82214
814000000.0 -27.80543
815000000.0 -27.84928
816000000.0 -27.98208
817000000.0 -27.98577
818000000.0 -28.03761
819000000.0 -28.01073
820000000.0 -27.97291
821000000.0 -27.9665
822000000.0 -28.02859
823000000.0 -28.03131
824000000.0 -28.01217
825000000.0 -28.01397
826000000.0 -27.97808
827000000.0 -27.96758
828000000.0 -27.9601
829000000.0 -28.00463
830000000.0 -27.97924
831000000.0 -28.00224
832000000.0 -28.07736
833000000.0 -28.10342
834000000.0 -28.12917
835000000.0 -28.01945
836000000.0 -28.0975
837000000.0 -28.18433
838000000.0 -28.14669
839000000.0 -28.08839
840000000.0 -28.15712
841000000.0 -28.20411
842000000.0 -28.21079
843000000.0 -28.17208
844000000.0 -28.17476
845000000.0 -28.26395
846000000.0 -28.36166
847000000.0 -28.42359
848000000.0 -28.49228
849000000.0 -28.50612
850000000.0 -28.40641
851000000.0 -28.35286
852000000.0 -28.45211
853000000.0 -28.38005
854000000.0 -28.35739
855000000.0 -28.4215
856000000.0 -28.47285
857000000.0 -28.41732
858000000.0 -28.32057
859000000.0 -28.28951
860000000.0 -28.31166
861000000.0 -28.26244
862000000.0 -28.33987
863000000.0 -28.58479
864000000.0 -28.57651
865000000.0 -28.47432
866000000.0 -28.5331
867000000.0 -28.70538
868000000.0 -28.76028
869000000.0 -28.64041
870000000.0 -28.74524
871000000.0 -29.02094
872000000.0 -29.05859
873000000.0 -28.77109
874000000.0 -28.52058
875000000.0 -28.50344
876000000.0 -28.46946
877000000.0 -28.48489
878000000.0 -28.45976
879000000.0 -28.45684
880000000.0 -28.39811
881000000.0 -28.4215
882000000.0 -28.48082
883000000.0 -28.45102
884000000.0 -28.3896
885000000.0 -28.5463
886000000.0 -28.87961
887000000.0 -28.92723
888000000.0 -28.72561
889000000.0 -28.59113
890000000.0 -28.65916
891000000.0 -28.62215
892000000.0 -28.43792
893000000.0 -28.33764
894000000.0 -28.42612
895000000.0 -28.58646
896000000.0 -28.55679
897000000.0 -28.45382
898000000.0 -28.41391
899000000.0 -28.43983
900000000.0 -28.44079
901000000.0 -28.44898
902000000.0 -28.52336
903000000.0 -28.5046
904000000.0 -28.53066
905000000.0 -28.53102
906000000.0 -28.66266
907000000.0 -28.69917
908000000.0 -28.66147
909000000.0 -28.69243
910000000.0 -28.79159
911000000.0 -28.90846
912000000.0 -28.92333
913000000.0 -28.84279
914000000.0 -28.8726
915000000.0 -29.01242
916000000.0 -29.09651
917000000.0 -29.04891
918000000.0 -29.09233
919000000.0 -29.14923
920000000.0 -29.1098
921000000.0 -29.04984
922000000.0 -28.93284
923000000.0 -29.04444
924000000.0 -29.02559
925000000.0 -28.94472
926000000.0 -28.93481
927000000.0 -29.19483
928000000.0 -29.1449
929000000.0 -29.02914
930000000.0 -29.1045
931000000.0 -29.43911
932000000.0 -29.58632
933000000.0 -29.66153
934000000.0 -29.83275
935000000.0 -30.03182
936000000.0 -30.1727
937000000.0 -29.96914
938000000.0 -29.83072
939000000.0 -29.74261
940000000.0 -29.65057
941000000.0 -29.72544
942000000.0 -29.71722
943000000.0 -29.6945
944000000.0 -29.58993
945000000.0 -29.48511
946000000.0 -29.55066
947000000.0 -29.51386
948000000.0 -29.35903
949000000.0 -29.45985
950000000.0 -29.82268
951000000.0 -29.80866
952000000.0 -29.5861
953000000.0 -29.45527
954000000.0 -29.68371
955000000.0 -29.84292
956000000.0 -29.6567
957000000.0 -29.54565
958000000.0 -29.53295
959000000.0 -29.74536
960000000.0 -29.68114
961000000.0 -29.61017
962000000.0 -29.59254
963000000.0 -29.63252
964000000.0 -29.72087
965000000.0 -29.75916
966000000.0 -29.83893
967000000.0 -29.74329
968000000.0 -29.71177
969000000.0 -29.73961
970000000.0 -29.79065
971000000.0 -29.76266
972000000.0 -29.66501
973000000.0 -29.66993
974000000.0 -29.67063
975000000.0 -29.70655
976000000.0 -29.60065
977000000.0 -29.49481
978000000.0 -29.30028
979000000.0 -29.35018
980000000.0 -29.46413
981000000.0 -29.48482
982000000.0 -29.46475
983000000.0 -29.4605
984000000.0 -29.55199
985000000.0 -29.58949
986000000.0 -29.46857
987000000.0 -29.29041
988000000.0 -29.28378
989000000.0 -29.36465
990000000.0 -29.343
991000000.0 -29.29279
992000000.0 -29.24996
993000000.0 -29.2138
994000000.0 -29.33122
995000000.0 -29.25198
996000000.0 -29.17423
997000000.0 -29.12757
998000000.0 -29.33863
999000000.0 -29.51055
1000000000.0 -29.3348
1001000000.0 -29.32441
1002000000.0 -29.2858
1003000000.0 -29.37057
1004000000.0 -29.26163
1005000000.0 -29.16903
1006000000.0 -29.20741
1007000000.0 -29.41106
1008000000.0 -29.41258
1009000000.0 -29.29571
1010000000.0 -29.45824
1011000000.0 -29.5049
1012000000.0 -29.35975
1013000000.0 -29.5879
1014000000.0 -29.72639
1015000000.0 -29.67128
1016000000.0 -29.5046
1017000000.0 -29.47847
1018000000.0 -29.566
1019000000.0 -29.5757
1020000000.0 -29.48646
1021000000.0 -29.46936
1022000000.0 -29.65465
1023000000.0 -29.58368
1024000000.0 -29.443
1025000000.0 -29.45074
1026000000.0 -29.47542
1027000000.0 -29.51641
1028000000.0 -29.57905
1029000000.0 -29.7142
1030000000.0 -29.81785
1031000000.0 -29.65713
1032000000.0 -29.70063
1033000000.0 -29.74333
1034000000.0 -29.7495
1035000000.0 -29.67023
1036000000.0 -29.4684
1037000000.0 -29.55052
1038000000.0 -29.55536
1039000000.0 -29.57914
1040000000.0 -29.44986
1041000000.0 -29.35048
1042000000.0 -29.39465
1043000000.0 -29.52376
1044000000.0 -29.4589
1045000000.0 -29.359
1046000000.0 -29.48242
1047000000.0 -29.66968
1048000000.0 -29.73655
1049000000.0 -29.61247
1050000000.0 -29.5041
1051000000.0 -29.64987
1052000000.0 -29.5868
1053000000.0 -29.61811
1054000000.0 -29.66379
1055000000.0 -29.83366
1056000000.0 -29.90646
1057000000.0 -29.74406
1058000000.0 -29.80832
1059000000.0 -29.99807
1060000000.0 -30.03679
1061000000.0 -29.99131
1062000000.0 -30.25802
1063000000.0 -30.48533
1064000000.0 -30.37406
1065000000.0 -30.03981
1066000000.0 -30.06095
1067000000.0 -30.19492
1068000000.0 -30.13188
1069000000.0 -29.99293
1070000000.0 -30.091
1071000000.0 -30.3832
1072000000.0 -30.40662
1073000000.0 -30.15495
1074000000.0 -29.99797
1075000000.0 -30.1398
1076000000.0 -30.24334
1077000000.0 -30.32584
1078000000.0 -30.45052
1079000000.0 -30.47969
1080000000.0 -30.48862
1081000000.0 -30.42917
1082000000.0 -30.34525
1083000000.0 -30.23525
1084000000.0 -30.28911
1085000000.0 -30.33086
1086000000.0 -30.35175
1087000000.0 -30.26481
1088000000.0 -30.26536
1089000000.0 -30.11486
1090000000.0 -29.9976
1091000000.0 -29.91818
1092000000.0 -29.8698
1093000000.0 -29.96503
1094000000.0 -29.7794
1095000000.0 -29.83197
1096000000.0 -30.04765
1097000000.0 -30.15866
1098000000.0 -30.01737
1099000000.0 -29.93222
1100000000.0 -30.00401
1101000000.0 -30.03955
1102000000.0 -29.96543
1103000000.0 -30.00062
1104000000.0 -30.10606
1105000000.0 -30.05768
1106000000.0 -29.9477
1107000000.0 -30.04712
1108000000.0 -30.16076
1109000000.0 -30.23619
1110000000.0 -30.24271
1111000000.0 -30.37296
1112000000.0 -30.49171
1113000000.0 -30.40011
1114000000.0 -30.11802
1115000000.0 -30.00487
1116000000.0 -30.16656
1117000000.0 -30.32594
1118000000.0 -30.22992
1119000000.0 -30.19301
1120000000.0 -30.40969
1121000000.0 -30.42139
1122000000.0 -30.35239
1123000000.0 -30.25083
1124000000.0 -30.31343
1125000000.0 -30.60254
1126000000.0 -30.77849
1127000000.0 -30.83215
1128000000.0 -30.73919
1129000000.0 -30.5984
1130000000.0 -30.74315
1131000000.0 -30.71519
1132000000.0 -30.56685
1133000000.0 -30.69697
1134000000.0 -30.98555
1135000000.0 -30.86798
1136000000.0 -30.77864
1137000000.0 -30.63862
1138000000.0 -30.55584
1139000000.0 -30.45438
1140000000.0 -30.55781
1141000000.0 -30.685
1142000000.0 -30.92818
1143000000.0 -30.70914
1144000000.0 -30.69344
1145000000.0 -30.77463
1146000000.0 -31.02473
1147000000.0 -30.82668
1148000000.0 -30.86632
1149000000.0 -31.12598
1150000000.0 -31.50789
1151000000.0 -31.27327
1152000000.0 -30.97235
1153000000.0 -30.87768
1154000000.0 -31.052
1155000000.0 -30.99699
1156000000.0 -30.83334
1157000000.0 -30.91181
1158000000.0 -31.02529
1159000000.0 -31.01072
1160000000.0 -30.74117
1161000000.0 -30.73626
1162000000.0 -30.80439
1163000000.0 -30.8312
1164000000.0 -30.77725
1165000000.0 -30.78603
1166000000.0 -30.83937
1167000000.0 -30.93305
1168000000.0 -30.886
1169000000.0 -30.71451
1170000000.0 -30.71074
1171000000.0 -30.75334
1172000000.0 -30.85134
1173000000.0 -30.89734
1174000000.0 -30.94322
1175000000.0 -31.09114
1176000000.0 -31.15512
1177000000.0 -30.99889
1178000000.0 -30.93001
1179000000.0 -30.90656
1180000000.0 -30.92447
1181000000.0 -30.98619
1182000000.0 -30.94147
1183000000.0 -31.1283
1184000000.0 -31.21562
1185000000.0 -30.9874
1186000000.0 -30.8778
1187000000.0 -30.87479
1188000000.0 -30.94098
1189000000.0 -30.98111
1190000000.0 -31.12839
1191000000.0 -31.23436
1192000000.0 -31.20661
1193000000.0 -31.07866
1194000000.0 -30.921
1195000000.0 -30.99925
1196000000.0 -31.0457
1197000000.0 -31.0722
1198000000.0 -31.15899
1199000000.0 -31.21956
1200000000.0 -31.18282
1201000000.0 -31.13708
1202000000.0 -31.03798
1203000000.0 -30.96685
1204000000.0 -30.95237
1205000000.0 -31.23024
1206000000.0 -31.4388
1207000000.0 -31.23284
1208000000.0 -31.02188
1209000000.0 -30.99495
1210000000.0 -30.94758
1211000000.0 -30.89097
1212000000.0 -30.87152
1213000000.0 -31.01244
1214000000.0 -31.18809
1215000000.0 -31.22774
1216000000.0 -31.02928
1217000000.0 -31.0372
1218000000.0 -31.10791
1219000000.0 -31.22707
1220000000.0 -31.12086
1221000000.0 -31.16601
1222000000.0 -31.34867
1223000000.0 -31.39031
1224000000.0 -31.2158
1225000000.0 -31.11349
1226000000.0 -31.18225
1227000000.0 -31.26659
1228000000.0 -31.41085
1229000000.0 -31.3048
1230000000.0 -31.30449
1231000000.0 -31.35008
1232000000.0 -31.32734
1233000000.0 -31.10865
1234000000.0 -31.02371
1235000000.0 -31.2963
1236000000.0 -31.34697
1237000000.0 -31.28176
1238000000.0 -31.13992
1239000000.0 -31.33061
1240000000.0 -31.3868
1241000000.0 -31.41153
1242000000.0 -31.33319
1243000000.0 -31.48829
1244000000.0 -31.78061
1245000000.0 -31.68756
1246000000.0 -31.4646
1247000000.0 -31.45552
1248000000.0 -31.61916
1249000000.0 -31.53593
1250000000.0 -31.25139
1251000000.0 -31.35684
1252000000.0 -31.55775
1253000000.0 -31.48088
1254000000.0 -31.40674
1255000000.0 -31.43056
1256000000.0 -31.44574
1257000000.0 -31.2732
1258000000.0 -30.9439
1259000000.0 -31.08809
1260000000.0 -31.30742
1261000000.0 -31.35579
1262000000.0 -31.28016
1263000000.0 -31.22306
1264000000.0 -31.30057
1265000000.0 -31.27084
1266000000.0 -31.28648
1267000000.0 -31.19299
1268000000.0 -31.4995
1269000000.0 -31.82796
1270000000.0 -31.76134
1271000000.0 -31.46842
1272000000.0 -31.41982
1273000000.0 -31.57633
1274000000.0 -31.49391
1275000000.0 -31.27932
1276000000.0 -31.24151
1277000000.0 -31.54
1278000000.0 -31.51871
1279000000.0 -31.31883
1280000000.0 -31.15791
1281000000.0 -31.22752
1282000000.0 -31.19725
1283000000.0 -31.27953
1284000000.0 -31.29842
1285000000.0 -31.4421
1286000000.0 -31.56613
1287000000.0 -31.3695
1288000000.0 -31.26328
1289000000.0 -31.44904
1290000000.0 -31.59238
1291000000.0 -31.60596
1292000000.0 -31.70996
1293000000.0 -31.90775
1294000000.0 -31.87369
1295000000.0 -31.80091
1296000000.0 -31.48555
1297000000.0 -31.4712
1298000000.0 -31.61745
1299000000.0 -31.70909
1300000000.0 -31.74324
1301000000.0 -31.64037
1302000000.0 -31.69189
1303000000.0 -31.64208
1304000000.0 -31.50296
1305000000.0 -31.38046
1306000000.0 -31.58343
1307000000.0 -31.76968
1308000000.0 -31.85313
1309000000.0 -31.68118
1310000000.0 -31.61619
1311000000.0 -31.8131
1312000000.0 -31.70091
1313000000.0 -31.63927
1314000000.0 -31.62281
1315000000.0 -32.00589
1316000000.0 -31.8871
1317000000.0 -31.93013
1318000000.0 -31.82167
1319000000.0 -31.90513
1320000000.0 -31.81862
1321000000.0 -31.89256
1322000000.0 -31.87598
1323000000.0 -32.08862
1324000000.0 -31.7911
1325000000.0 -31.83902
1326000000.0 -31.78196
1327000000.0 -31.9982
1328000000.0 -31.71483
1329000000.0 -31.74757
1330000000.0 -31.87669
1331000000.0 -31.99127
1332000000.0 -32.07576
1333000000.0 -31.83925
1334000000.0 -31.93588
1335000000.0 -32.09922
1336000000.0 -32.01311
1337000000.0 -31.85976
1338000000.0 -32.13869
1339000000.0 -32.24249
1340000000.0 -32.28949
1341000000.0 -32.28418
1342000000.0 -32.36493
1343000000.0 -32.35617
1344000000.0 -32.15831
1345000000.0 -32.15966
1346000000.0 -32.18201
1347000000.0 -32.14587
1348000000.0 -32.2977
1349000000.0 -32.03156
1350000000.0 -32.04712
1351000000.0 -31.89019
1352000000.0 -31.92191
1353000000.0 -31.79523
1354000000.0 -31.88568
1355000000.0 -32.04646
1356000000.0 -32.11545
1357000000.0 -32.07792
1358000000.0 -31.97679
1359000000.0 -31.91336
1360000000.0 -32.10835
1361000000.0 -32.18299
1362000000.0 -32.18142
1363000000.0 -32.33128
1364000000.0 -32.59779
1365000000.0 -32.59307
1366000000.0 -32.42886
1367000000.0 -32.19534
1368000000.0 -32.28887
1369000000.0 -32.29803
1370000000.0 -32.30019
1371000000.0 -32.20172
1372000000.0 -32.22183
1373000000.0 -32.21005
1374000000.0 -31.97672
1375000000.0 -31.89406
1376000000.0 -31.90632
1377000000.0 -32.15445
1378000000.0 -32.16264
1379000000.0 -32.2307
1380000000.0 -32.24413
1381000000.0 -32.16533
1382000000.0 -32.04132
1383000000.0 -31.84191
1384000000.0 -32.05495
1385000000.0 -32.37137
1386000000.0 -32.47743
1387000000.0 -32.44284
1388000000.0 -32.48837
1389000000.0 -32.61999
1390000000.0 -32.59957
1391000000.0 -32.46206
1392000000.0 -32.38941
1393000000.0 -32.73014
1394000000.0 -32.86402
1395000000.0 -32.80655
1396000000.0 -32.34015
1397000000.0 -32.39686
1398000000.0 -32.35384
1399000000.0 -32.24609
1400000000.0 -32.20486
1401000000.0 -32.25596
1402000000.0 -32.41808
1403000000.0 -32.56995
1404000000.0 -32.42339
1405000000.0 -32.36314
1406000000.0 -32.38275
1407000000.0 -32.42946
1408000000.0 -32.6268
1409000000.0 -32.83429
1410000000.0 -32.68587
1411000000.0 -32.92439
1412000000.0 -32.938
1413000000.0 -33.03175
1414000000.0 -32.859
1415000000.0 -32.77261
1416000000.0 -32.84382
1417000000.0 -32.93704
1418000000.0 -32.80667
1419000000.0 -32.77805
1420000000.0 -32.75935
1421000000.0 -32.65578
1422000000.0 -32.42929
1423000000.0 -32.35131
1424000000.0 -32.46793
1425000000.0 -32.59722
1426000000.0 -32.48038
1427000000.0 -32.76752
1428000000.0 -32.95705
1429000000.0 -33.05635
1430000000.0 -32.67032
1431000000.0 -32.51305
1432000000.0 -32.58734
1433000000.0 -32.75538
1434000000.0 -32.76406
1435000000.0 -32.79059
1436000000.0 -32.75153
1437000000.0 -32.78788
1438000000.0 -32.715
1439000000.0 -32.74432
1440000000.0 -32.64215
1441000000.0 -32.81687
1442000000.0 -32.94194
1443000000.0 -33.0523
1444000000.0 -32.89727
1445000000.0 -32.66915
1446000000.0 -32.59329
1447000000.0 -32.57899
1448000000.0 -32.51003
1449000000.0 -32.58003
1450000000.0 -32.72397
1451000000.0 -32.90929
1452000000.0 -32.8335
1453000000.0 -32.76308
1454000000.0 -32.6507
1455000000.0 -32.73768
1456000000.0 -32.83454
1457000000.0 -33.01624
1458000000.0 -33.15734
1459000000.0 -33.27343
1460000000.0 -33.06037
1461000000.0 -32.89083
1462000000.0 -32.9778
1463000000.0 -32.89298
1464000000.0 -33.01328
1465000000.0 -33.07269
1466000000.0 -33.15781
1467000000.0 -33.11062
1468000000.0 -33.02551
1469000000.0 -32.86152
1470000000.0 -32.59715
1471000000.0 -32.59633
1472000000.0 -32.67734
1473000000.0 -32.82024
1474000000.0 -32.69528
1475000000.0 -32.5561
1476000000.0 -32.61383
1477000000.0 -32.78343
1478000000.0 -32.65456
1479000000.0 -32.62319
1480000000.0 -32.83126
1481000000.0 -33.13491
1482000000.0 -33.15362
1483000000.0 -32.93463
1484000000.0 -32.9789
1485000000.0 -32.97426
1486000000.0 -32.90201
1487000000.0 -32.80379
1488000000.0 -32.86856
1489000000.0 -33.03975
1490000000.0 -32.99239
1491000000.0 -32.91814
1492000000.0 -32.91299
1493000000.0 -32.82796
1494000000.0 -32.65361
1495000000.0 -32.42614
1496000000.0 -32.44818
1497000000.0 -32.62048
1498000000.0 -32.51033
1499000000.0 -32.47968
1500000000.0 -32.52911
1501000000.0 -32.65236
1502000000.0 -32.65866
1503000000.0 -32.67463
1504000000.0 -32.72902
1505000000.0 -32.98141
1506000000.0 -33.24275
1507000000.0 -33.21486
1508000000.0 -33.12871
1509000000.0 -33.09048
1510000000.0 -33.07209
1511000000.0 -32.86082
1512000000.0 -32.85178
1513000000.0 -32.91987
1514000000.0 -33.03317
1515000000.0 -32.90804
1516000000.0 -32.67075
1517000000.0 -32.6575
1518000000.0 -32.73572
1519000000.0 -32.67825
1520000000.0 -32.64875
1521000000.0 -32.81456
1522000000.0 -33.04743
1523000000.0 -33.04671
1524000000.0 -32.74279
1525000000.0 -32.68659
1526000000.0 -32.81918
1527000000.0 -32.75687
1528000000.0 -32.93851
1529000000.0 -33.0211
1530000000.0 -33.17052
1531000000.0 -33.25513
1532000000.0 -32.98394
1533000000.0 -32.87867
1534000000.0 -32.86909
1535000000.0 -33.08027
1536000000.0 -33.20963
1537000000.0 -33.28527
1538000000.0 -33.20847
1539000000.0 -32.89364
1540000000.0 -33.00341
1541000000.0 -32.83845
1542000000.0 -32.78741
1543000000.0 -32.65777
1544000000.0 -32.83741
1545000000.0 -32.98138
1546000000.0 -32.99488
1547000000.0 -32.89934
1548000000.0 -32.70927
1549000000.0 -32.68806
1550000000.0 -32.64574
1551000000.0 -32.94629
1552000000.0 -33.18401
1553000000.0 -33.15742
1554000000.0 -33.13432
1555000000.0 -33.25168
1556000000.0 -33.37284
1557000000.0 -33.34827
1558000000.0 -33.18529
1559000000.0 -33.1696
1560000000.0 -33.39362
1561000000.0 -33.33801
1562000000.0 -33.1264
1563000000.0 -32.83664
1564000000.0 -32.71983
1565000000.0 -32.73912
1566000000.0 -32.6718
1567000000.0 -32.61153
1568000000.0 -32.53441
1569000000.0 -32.80339
1570000000.0 -32.90006
1571000000.0 -32.94799
1572000000.0 -32.81216
1573000000.0 -32.68026
1574000000.0 -32.66974
1575000000.0 -32.828
1576000000.0 -32.94275
1577000000.0 -33.00734
1578000000.0 -32.96898
1579000000.0 -33.09989
1580000000.0 -32.99871
1581000000.0 -33.03112
1582000000.0 -33.00896
1583000000.0 -33.00535
1584000000.0 -33.26747
1585000000.0 -33.32478
1586000000.0 -33.28197
1587000000.0 -33.09669
1588000000.0 -32.87726
1589000000.0 -32.98695
1590000000.0 -32.8751
1591000000.0 -32.8073
1592000000.0 -32.78862
1593000000.0 -32.915
1594000000.0 -32.94287
1595000000.0 -32.89746
1596000000.0 -32.75456
1597000000.0 -32.99493
1598000000.0 -33.04473
1599000000.0 -33.16817
1600000000.0 -33.48548
1601000000.0 -33.70029
1602000000.0 -33.71673
1603000000.0 -33.75204
1604000000.0 -33.94296
1605000000.0 -34.24764
1606000000.0 -34.09446
1607000000.0 -33.96795
1608000000.0 -34.08759
1609000000.0 -34.2074
1610000000.0 -34.13609
1611000000.0 -33.74176
1612000000.0 -33.34619
1613000000.0 -33.17821
1614000000.0 -33.12867
1615000000.0 -33.10895
1616000000.0 -33.07304
1617000000.0 -33.00402
1618000000.0 -33.0367
1619000000.0 -33.15218
1620000000.0 -33.18787
1621000000.0 -33.19881
1622000000.0 -33.40984
1623000000.0 -33.75592
1624000000.0 -34.00194
1625000000.0 -33.95318
1626000000.0 -33.82597
1627000000.0 -33.78143
1628000000.0 -33.87836
1629000000.0 -33.89418
1630000000.0 -33.67328
1631000000.0 -33.49861
1632000000.0 -33.52172
1633000000.0 -33.4168
1634000000.0 -33.40018
1635000000.0 -33.29527
1636000000.0 -33.0289
1637000000.0 -32.85104
1638000000.0 -32.91019
1639000000.0 -33.08099
1640000000.0 -32.942
1641000000.0 -32.93142
1642000000.0 -33.08561
1643000000.0 -33.33353
1644000000.0 -33.35886
1645000000.0 -33.11787
1646000000.0 -33.15207
1647000000.0 -33.42702
1648000000.0 -33.72204
1649000000.0 -33.75344
1650000000.0 -33.79735
1651000000.0 -33.82079
1652000000.0 -34.08064
1653000000.0 -34.09609
1654000000.0 -33.99347
1655000000.0 -33.9088
1656000000.0 -34.01982
1657000000.0 -33.90336
1658000000.0 -33.77312
1659000000.0 -33.68325
1660000000.0 -33.51841
1661000000.0 -33.46548
1662000000.0 -33.36965
1663000000.0 -33.4389
1664000000.0 -33.53535
1665000000.0 -33.59832
1666000000.0 -33.53875
1667000000.0 -33.55174
1668000000.0 -33.90019
1669000000.0 -33.95212
1670000000.0 -33.87763
1671000000.0 -33.95504
1672000000.0 -34.26776
1673000000.0 -34.47243
1674000000.0 -34.43203
1675000000.0 -34.30343
1676000000.0 -34.46865
1677000000.0 -34.55405
1678000000.0 -34.29301
1679000000.0 -34.31642
1680000000.0 -34.35373
1681000000.0 -34.30234
1682000000.0 -34.13207
1683000000.0 -33.84863
1684000000.0 -33.93923
1685000000.0 -34.007
1686000000.0 -33.83565
1687000000.0 -33.80664
1688000000.0 -33.95123
1689000000.0 -33.92416
1690000000.0 -33.85731
1691000000.0 -33.91618
1692000000.0 -34.06918
1693000000.0 -34.16716
1694000000.0 -34.08377
1695000000.0 -34.11993
1696000000.0 -34.26622
1697000000.0 -34.384
1698000000.0 -34.41504
1699000000.0 -34.4839
1700000000.0 -34.44331
1701000000.0 -34.59153
1702000000.0 -34.63983
1703000000.0 -34.56251
1704000000.0 -34.47691
1705000000.0 -34.44798
1706000000.0 -34.41332
1707000000.0 -34.36344
1708000000.0 -34.20773
1709000000.0 -34.07959
1710000000.0 -33.9996
1711000000.0 -33.91558
1712000000.0 -33.9861
1713000000.0 -33.96074
1714000000.0 -33.86909
1715000000.0 -33.83606
1716000000.0 -33.82858
1717000000.0 -34.11591
1718000000.0 -34.12077
1719000000.0 -34.06256
1720000000.0 -34.39515
1721000000.0 -34.53759
1722000000.0 -34.64831
1723000000.0 -34.55362
1724000000.0 -34.60133
1725000000.0 -34.81848
1726000000.0 -34.87622
1727000000.0 -34.72744
1728000000.0 -34.61315
1729000000.0 -34.83787
1730000000.0 -34.57972
1731000000.0 -34.36628
1732000000.0 -34.2197
1733000000.0 -34.28139
1734000000.0 -34.34986
1735000000.0 -34.09922
1736000000.0 -34.01328
1737000000.0 -34.20135
1738000000.0 -34.24677
1739000000.0 -34.22005
1740000000.0 -34.1686
1741000000.0 -34.24924
1742000000.0 -34.39513
1743000000.0 -34.58205
1744000000.0 -34.61801
1745000000.0 -34.70845
1746000000.0 -34.83478
1747000000.0 -35.0103
1748000000.0 -34.93229
1749000000.0 -34.83413
1750000000.0 -34.91439
1751000000.0 -35.07915
1752000000.0 -35.07632
1753000000.0 -34.8539
1754000000.0 -34.70179
1755000000.0 -34.62086
1756000000.0 -34.47182
1757000000.0 -34.28182
1758000000.0 -34.41342
1759000000.0 -34.53335
1760000000.0 -34.46394
1761000000.0 -34.44171
1762000000.0 -34.50385
1763000000.0 -34.58055
1764000000.0 -34.55607
1765000000.0 -34.42873
1766000000.0 -34.68943
1767000000.0 -35.0015
1768000000.0 -35.14602
1769000000.0 -34.81268
1770000000.0 -35.03809
1771000000.0 -35.25134
1772000000.0 -35.13998
1773000000.0 -34.9255
1774000000.0 -35.15916
1775000000.0 -35.17738
1776000000.0 -35.23621
1777000000.0 -35.07432
1778000000.0 -35.04034
1779000000.0 -35.20578
1780000000.0 -34.87627
1781000000.0 -34.7376
1782000000.0 -34.71092
1783000000.0 -34.76798
1784000000.0 -34.8804
1785000000.0 -34.80651
1786000000.0 -34.81028
1787000000.0 -34.89548
1788000000.0 -35.01165
1789000000.0 -35.0263
1790000000.0 -34.88404
1791000000.0 -35.12727
1792000000.0 -35.20325
1793000000.0 -35.2703
1794000000.0 -35.20084
1795000000.0 -35.28891
1796000000.0 -35.43186
1797000000.0 -35.33332
1798000000.0 -35.28043
1799000000.0 -35.27592
1800000000.0 -35.51246
1801000000.0 -35.39193
1802000000.0 -34.98202
1803000000.0 -35.00963
1804000000.0 -35.11682
1805000000.0 -35.08909
1806000000.0 -34.80354
1807000000.0 -34.60581
1808000000.0 -34.82139
1809000000.0 -35.00859
1810000000.0 -34.84608
1811000000.0 -34.60649
1812000000.0 -34.72389
1813000000.0 -34.97658
1814000000.0 -35.1059
1815000000.0 -35.06403
1816000000.0 -35.06171
1817000000.0 -35.34407
1818000000.0 -35.4616
1819000000.0 -35.29135
1820000000.0 -35.17675
1821000000.0 -35.32133
1822000000.0 -35.57662
1823000000.0 -35.50137
1824000000.0 -35.3717
1825000000.0 -35.31537
1826000000.0 -35.31355
1827000000.0 -35.2459
1828000000.0 -35.0664
1829000000.0 -34.88618
1830000000.0 -34.82988
1831000000.0 -34.8371
1832000000.0 -35.01615
1833000000.0 -34.84561
1834000000.0 -34.75925
1835000000.0 -34.77747
1836000000.0 -34.87218
1837000000.0 -35.02746
1838000000.0 -35.26661
1839000000.0 -35.33364
1840000000.0 -35.2767
1841000000.0 -35.37415
1842000000.0 -35.30024
1843000000.0 -35.34209
1844000000.0 -35.21704
1845000000.0 -35.37967
1846000000.0 -35.41191
1847000000.0 -35.40162
1848000000.0 -35.3758
1849000000.0 -35.33652
1850000000.0 -35.15082
1851000000.0 -35.12498
1852000000.0 -35.0862
1853000000.0 -35.01927
1854000000.0 -34.99928
1855000000.0 -34.77024
1856000000.0 -34.88414
1857000000.0 -34.93394
1858000000.0 -34.79598
1859000000.0 -34.74634
1860000000.0 -34.86821
1861000000.0 -35.37456
1862000000.0 -35.29417
1863000000.0 -35.19825
1864000000.0 -35.29762
1865000000.0 -35.6305
1866000000.0 -35.71959
1867000000.0 -35.34272
1868000000.0 -35.20649
1869000000.0 -35.56442
1870000000.0 -35.66768
1871000000.0 -35.59924
1872000000.0 -35.38282
1873000000.0 -35.46434
1874000000.0 -35.48779
1875000000.0 -35.29823
1876000000.0 -34.87612
1877000000.0 -34.84218
1878000000.0 -35.17759
1879000000.0 -35.40692
1880000000.0 -35.07395
1881000000.0 -34.85809
1882000000.0 -35.13207
1883000000.0 -35.29591
1884000000.0 -35.28044
1885000000.0 -35.37438
1886000000.0 -35.5593
1887000000.0 -35.81887
1888000000.0 -35.83036
1889000000.0 -35.76073
1890000000.0 -35.89458
1891000000.0 -35.80717
1892000000.0 -35.79837
1893000000.0 -35.92648
1894000000.0 -36.0005
1895000000.0 -35.96288
1896000000.0 -35.77848
1897000000.0 -35.7481
1898000000.0 -35.67346
1899000000.0 -35.55102
1900000000.0 -35.46004
1901000000.0 -35.67714
1902000000.0 -35.88503
1903000000.0 -35.79631
1904000000.0 -35.54937
1905000000.0 -35.41788
1906000000.0 -35.42358
1907000000.0 -35.60272
1908000000.0 -35.71386
1909000000.0 -35.6882
1910000000.0 -36.22529
1911000000.0 -36.18988
1912000000.0 -36.10658
1913000000.0 -36.08595
1914000000.0 -36.16166
1915000000.0 -36.23864
1916000000.0 -35.99455
1917000000.0 -36.13137
1918000000.0 -36.26455
1919000000.0 -36.19537
1920000000.0 -36.09125
1921000000.0 -35.88553
1922000000.0 -35.93471
1923000000.0 -35.7216
1924000000.0 -35.828
1925000000.0 -35.80619
1926000000.0 -35.79988
1927000000.0 -35.8586
1928000000.0 -35.87871
1929000000.0 -35.73016
1930000000.0 -35.52017
1931000000.0 -35.52211
1932000000.0 -35.82614
1933000000.0 -36.04239
1934000000.0 -35.91959
1935000000.0 -36.18378
1936000000.0 -36.6455
1937000000.0 -36.62068
1938000000.0 -36.27416
1939000000.0 -36.42561
1940000000.0 -36.51461
1941000000.0 -36.74531
1942000000.0 -36.44927
1943000000.0 -36.24467
1944000000.0 -36.34793
1945000000.0 -36.39251
1946000000.0 -36.06584
1947000000.0 -35.67691
1948000000.0 -35.82924
1949000000.0 -36.13999
1950000000.0 -36.216
1951000000.0 -36.00599
1952000000.0 -35.75385
1953000000.0 -35.98573
1954000000.0 -36.17461
1955000000.0 -35.88171
1956000000.0 -35.70115
1957000000.0 -36.19857
1958000000.0 -36.69943
1959000000.0 -36.70641
1960000000.0 -36.41502
1961000000.0 -36.68518
1962000000.0 -36.90469
1963000000.0 -36.81321
1964000000.0 -36.64325
1965000000.0 -36.76466
1966000000.0 -37.13881
1967000000.0 -36.89793
1968000000.0 -36.55221
1969000000.0 -36.28639
1970000000.0 -36.4704
1971000000.0 -36.23125
1972000000.0 -35.8632
1973000000.0 -36.01831
1974000000.0 -36.25941
1975000000.0 -36.46986
1976000000.0 -36.02191
1977000000.0 -35.74846
1978000000.0 -36.2966
1979000000.0 -36.57305
1980000000.0 -36.41689
1981000000.0 -36.33821
1982000000.0 -36.83706
1983000000.0 -37.29607
1984000000.0 -36.80811
1985000000.0 -36.23059
1986000000.0 -36.65382
1987000000.0 -37.37547
1988000000.0 -36.84383
1989000000.0 -36.43837
1990000000.0 -36.90289
1991000000.0 -37.25341
1992000000.0 -36.86998
1993000000.0 -36.05819
1994000000.0 -35.99973
1995000000.0 -36.66831
1996000000.0 -36.91066
1997000000.0 -35.92706
1998000000.0 -35.78605
1999000000.0 -36.38618
2000000000.0 -36.71676
2001000000.0 -36.60018
2002000000.0 -35.91343
2003000000.0 -35.58579
2004000000.0 -36.42769
2005000000.0 -36.80825
2006000000.0 -36.55383
2007000000.0 -36.12451
2008000000.0 -36.70316
2009000000.0 -37.25805
2010000000.0 -36.79144
2011000000.0 -36.38951
2012000000.0 -37.02216
2013000000.0 -37.63398
2014000000.0 -37.11818
2015000000.0 -36.59998
2016000000.0 -36.89162
2017000000.0 -37.38266
2018000000.0 -36.86279
2019000000.0 -35.86662
2020000000.0 -36.36465
2021000000.0 -36.93844
2022000000.0 -36.72158
2023000000.0 -35.89018
2024000000.0 -35.86084
2025000000.0 -36.51491
2026000000.0 -36.21885
2027000000.0 -35.74326
2028000000.0 -35.89028
2029000000.0 -36.72331
2030000000.0 -37.20137
2031000000.0 -36.85503
2032000000.0 -36.6948
2033000000.0 -37.31536
2034000000.0 -37.40984
2035000000.0 -36.654
2036000000.0 -36.77143
2037000000.0 -37.24617
2038000000.0 -37.47645
2039000000.0 -37.01237
2040000000.0 -36.67371
2041000000.0 -37.32788
2042000000.0 -37.14443
2043000000.0 -36.42617
2044000000.0 -36.0816
2045000000.0 -36.96294
2046000000.0 -37.4632
2047000000.0 -36.57733
2048000000.0 -35.68604
2049000000.0 -36.13733
2050000000.0 -37.00985
2051000000.0 -36.54191
2052000000.0 -35.86298
2053000000.0 -36.28239
2054000000.0 -37.38529
2055000000.0 -37.46682
2056000000.0 -36.71601
2057000000.0 -36.92935
2058000000.0 -37.66486
2059000000.0 -37.65392
2060000000.0 -37.26696
2061000000.0 -37.30535
2062000000.0 -37.94912
2063000000.0 -37.90475
2064000000.0 -37.18963
2065000000.0 -37.13695
2066000000.0 -37.21178
2067000000.0 -37.3079
2068000000.0 -36.68098
2069000000.0 -36.71547
2070000000.0 -36.99294
2071000000.0 -37.00519
2072000000.0 -36.21486
2073000000.0 -36.12787
2074000000.0 -36.48654
2075000000.0 -36.62672
2076000000.0 -36.64833
2077000000.0 -36.394
2078000000.0 -36.81929
2079000000.0 -37.40779
2080000000.0 -37.23164
2081000000.0 -37.07342
2082000000.0 -37.48373
2083000000.0 -37.99469
2084000000.0 -38.08097
2085000000.0 -37.65376
2086000000.0 -38.00602
2087000000.0 -38.11501
2088000000.0 -37.13021
2089000000.0 -36.96587
2090000000.0 -37.23649
2091000000.0 -37.33044
2092000000.0 -36.57815
2093000000.0 -36.37557
2094000000.0 -36.69088
2095000000.0 -36.98853
2096000000.0 -36.31346
2097000000.0 -35.91318
2098000000.0 -36.3175
2099000000.0 -37.11903
2100000000.0 -36.84182
2101000000.0 -36.25629
2102000000.0 -36.52406
2103000000.0 -37.59521
2104000000.0 -37.59322
2105000000.0 -36.84811
2106000000.0 -37.02997
2107000000.0 -37.87839
2108000000.0 -37.93762
2109000000.0 -37.61687
2110000000.0 -37.58487
2111000000.0 -37.94027
2112000000.0 -37.75633
2113000000.0 -37.03205
2114000000.0 -36.71847
2115000000.0 -37.15136
2116000000.0 -37.33483
2117000000.0 -36.95297
2118000000.0 -36.49012
2119000000.0 -36.41455
2120000000.0 -36.70761
2121000000.0 -36.4034
2122000000.0 -36.40044
2123000000.0 -36.644
2124000000.0 -36.97195
2125000000.0 -36.8261
2126000000.0 -36.7072
2127000000.0 -36.99731
2128000000.0 -37.38359
2129000000.0 -37.21934
2130000000.0 -37.47808
2131000000.0 -37.88927
2132000000.0 -38.24318
2133000000.0 -38.06433
2134000000.0 -37.89836
2135000000.0 -37.98728
2136000000.0 -37.85334
2137000000.0 -37.19493
2138000000.0 -37.22137
2139000000.0 -37.60898
2140000000.0 -37.43124
2141000000.0 -37.04453
2142000000.0 -36.71048
2143000000.0 -37.06826
2144000000.0 -37.09243
2145000000.0 -36.50922
2146000000.0 -36.5186
2147000000.0 -37.07214
2148000000.0 -37.71156
2149000000.0 -37.17295
2150000000.0 -36.66392
2151000000.0 -37.26144
2152000000.0 -37.77221
2153000000.0 -37.53697
2154000000.0 -37.08688
2155000000.0 -37.5703
2156000000.0 -38.03818
2157000000.0 -38.15401
2158000000.0 -37.51001
2159000000.0 -37.64821
2160000000.0 -38.1436
2161000000.0 -38.13525
2162000000.0 -37.4604
2163000000.0 -37.5574
2164000000.0 -37.54362
2165000000.0 -37.30802
2166000000.0 -36.99736
2167000000.0 -36.64758
2168000000.0 -36.70642
2169000000.0 -36.94894
2170000000.0 -36.51434
2171000000.0 -36.45976
2172000000.0 -36.73547
2173000000.0 -36.83942
2174000000.0 -36.91563
2175000000.0 -36.82114
2176000000.0 -37.02407
2177000000.0 -37.19997
2178000000.0 -37.51573
2179000000.0 -37.62115
2180000000.0 -37.77425
2181000000.0 -37.83652
2182000000.0 -37.68427
2183000000.0 -37.76292
2184000000.0 -37.82214
2185000000.0 -37.7818
2186000000.0 -37.43963
2187000000.0 -37.56258
2188000000.0 -37.54793
2189000000.0 -37.39656
2190000000.0 -36.72745
2191000000.0 -36.81917
2192000000.0 -37.0434
2193000000.0 -36.9794
2194000000.0 -36.48171
2195000000.0 -36.56791
2196000000.0 -36.9002
2197000000.0 -37.35633
2198000000.0 -36.97816
2199000000.0 -36.95733
2200000000.0 -37.17415
2201000000.0 -37.70917
2202000000.0 -37.77916
2203000000.0 -37.614
2204000000.0 -38.04677
2205000000.0 -38.21265
2206000000.0 -38.08923
2207000000.0 -37.6719
2208000000.0 -38.11906
2209000000.0 -38.1696
2210000000.0 -37.71552
2211000000.0 -37.79845
2212000000.0 -38.12618
2213000000.0 -38.0297
2214000000.0 -37.43543
2215000000.0 -36.91943
2216000000.0 -37.11774
2217000000.0 -37.28481
2218000000.0 -37.05703
2219000000.0 -36.72386
2220000000.0 -37.04025
2221000000.0 -37.52831
2222000000.0 -37.19441
2223000000.0 -36.93893
2224000000.0 -37.28088
2225000000.0 -38.0836
2226000000.0 -38.00537
2227000000.0 -37.98994
2228000000.0 -37.91976
2229000000.0 -38.46718
2230000000.0 -38.22314
2231000000.0 -37.92654
2232000000.0 -37.89234
2233000000.0 -38.20134
2234000000.0 -38.48842
2235000000.0 -37.95222
2236000000.0 -37.66023
2237000000.0 -37.84552
2238000000.0 -37.70468
2239000000.0 -37.23604
2240000000.0 -37.03061
2241000000.0 -37.00865
2242000000.0 -37.25682
2243000000.0 -37.38645
2244000000.0 -36.9972
2245000000.0 -37.1811
2246000000.0 -37.45563
2247000000.0 -37.32607
2248000000.0 -37.2911
2249000000.0 -37.58142
2250000000.0 -37.84275
2251000000.0 -37.94672
2252000000.0 -37.87398
2253000000.0 -38.06266
2254000000.0 -38.15571
2255000000.0 -38.16446
2256000000.0 -38.05265
2257000000.0 -38.00648
2258000000.0 -38.14319
2259000000.0 -38.23937
2260000000.0 -38.04344
2261000000.0 -38.11671
2262000000.0 -37.99103
2263000000.0 -37.83554
2264000000.0 -37.48121
2265000000.0 -37.77388
2266000000.0 -37.88694
2267000000.0 -37.52623
2268000000.0 -37.30855
2269000000.0 -37.44592
2270000000.0 -37.77388
2271000000.0 -37.78647
2272000000.0 -37.7399
2273000000.0 -37.91534
2274000000.0 -38.28622
2275000000.0 -38.54912
2276000000.0 -38.26608
2277000000.0 -38.42098
2278000000.0 -38.43545
2279000000.0 -38.48475
2280000000.0 -38.48235
2281000000.0 -38.22685
2282000000.0 -38.47901
2283000000.0 -38.5433
2284000000.0 -38.24337
2285000000.0 -38.1021
2286000000.0 -38.13534
2287000000.0 -37.91196
2288000000.0 -37.93473
2289000000.0 -37.79241
2290000000.0 -38.26165
2291000000.0 -38.2718
2292000000.0 -37.9438
2293000000.0 -37.67464
2294000000.0 -37.93489
2295000000.0 -38.3583
2296000000.0 -38.10318
2297000000.0 -38.15426
2298000000.0 -38.56298
2299000000.0 -39.15181
2300000000.0 -38.92611
2301000000.0 -38.43383
2302000000.0 -38.62753
2303000000.0 -39.03441
2304000000.0 -38.65197
2305000000.0 -38.39219
2306000000.0 -38.39255
2307000000.0 -38.82465
2308000000.0 -38.44144
2309000000.0 -37.74894
2310000000.0 -37.97637
2311000000.0 -38.36882
2312000000.0 -38.4829
2313000000.0 -37.67182
2314000000.0 -37.67778
2315000000.0 -38.07547
2316000000.0 -38.53048
2317000000.0 -37.57505
2318000000.0 -37.16784
2319000000.0 -37.98903
2320000000.0 -38.87788
2321000000.0 -38.44047
2322000000.0 -37.88256
2323000000.0 -38.11939
2324000000.0 -39.14496
2325000000.0 -39.08273
2326000000.0 -38.32014
2327000000.0 -38.14829
2328000000.0 -38.9817
2329000000.0 -39.11785
2330000000.0 -38.39252
2331000000.0 -38.06723
2332000000.0 -38.34351
2333000000.0 -38.9846
2334000000.0 -38.22758
2335000000.0 -37.68848
2336000000.0 -38.24157
2337000000.0 -38.4589
2338000000.0 -37.93508
2339000000.0 -37.39804
2340000000.0 -37.93293
2341000000.0 -38.47634
2342000000.0 -38.26728
2343000000.0 -37.86169
2344000000.0 -37.84795
2345000000.0 -38.50106
2346000000.0 -38.57838
2347000000.0 -37.94894
2348000000.0 -38.37748
2349000000.0 -38.97157
2350000000.0 -38.85944
2351000000.0 -38.40184
2352000000.0 -38.29974
2353000000.0 -38.62228
2354000000.0 -38.66801
2355000000.0 -37.92474
2356000000.0 -38.01721
2357000000.0 -38.51628
2358000000.0 -38.29197
2359000000.0 -37.56402
2360000000.0 -37.57364
2361000000.0 -38.4402
2362000000.0 -38.61911
2363000000.0 -37.54102
2364000000.0 -37.35558
2365000000.0 -38.05768
2366000000.0 -38.27655
2367000000.0 -37.73407
2368000000.0 -37.40422
2369000000.0 -37.95686
2370000000.0 -38.73269
2371000000.0 -38.20265
2372000000.0 -37.71061
2373000000.0 -38.23682
2374000000.0 -38.93484
2375000000.0 -38.44373
2376000000.0 -37.76104
2377000000.0 -38.08099
2378000000.0 -39.02351
2379000000.0 -38.34209
2380000000.0 -37.76356
2381000000.0 -37.81298
2382000000.0 -38.63866
2383000000.0 -38.35855
2384000000.0 -37.49321
2385000000.0 -37.6752
2386000000.0 -38.62262
2387000000.0 -38.7366
2388000000.0 -37.78749
2389000000.0 -37.60215
2390000000.0 -38.18911
2391000000.0 -38.51234
2392000000.0 -38.01066
2393000000.0 -37.84225
2394000000.0 -38.61707
2395000000.0 -39.2729
2396000000.0 -38.46354
2397000000.0 -38.0799
2398000000.0 -38.75358
2399000000.0 -39.16512
2400000000.0 -38.96449
2401000000.0 -38.14722
2402000000.0 -38.72417
2403000000.0 -39.07402
2404000000.0 -38.41748
2405000000.0 -38.00199
2406000000.0 -38.41764
2407000000.0 -38.67596
2408000000.0 -38.23864
2409000000.0 -37.9769
2410000000.0 -38.42069
2411000000.0 -38.5388
2412000000.0 -38.13366
2413000000.0 -37.7137
2414000000.0 -38.32266
2415000000.0 -38.80005
2416000000.0 -38.5571
2417000000.0 -38.05784
2418000000.0 -38.42831
2419000000.0 -39.15651
2420000000.0 -38.96877
2421000000.0 -38.47869
2422000000.0 -38.59231
2423000000.0 -39.12696
2424000000.0 -38.53159
2425000000.0 -38.14707
2426000000.0 -38.39219
2427000000.0 -39.39741
2428000000.0 -38.70672
2429000000.0 -37.77397
2430000000.0 -37.90131
2431000000.0 -38.57287
2432000000.0 -38.47999
2433000000.0 -37.51804
2434000000.0 -37.63123
2435000000.0 -38.59547
2436000000.0 -38.95927
2437000000.0 -37.67393
2438000000.0 -37.48172
2439000000.0 -38.50302
2440000000.0 -39.01245
2441000000.0 -38.05214
2442000000.0 -37.5542
2443000000.0 -38.47606
2444000000.0 -39.65794
2445000000.0 -38.74833
2446000000.0 -37.98932
2447000000.0 -38.41997
2448000000.0 -39.4572
2449000000.0 -38.99287
2450000000.0 -38.19118
2451000000.0 -38.33647
2452000000.0 -39.06566
2453000000.0 -38.63153
2454000000.0 -37.96682
2455000000.0 -37.92961
2456000000.0 -38.61338
2457000000.0 -38.48211
2458000000.0 -37.90855
2459000000.0 -37.99006
2460000000.0 -38.73568
2461000000.0 -38.50366
2462000000.0 -38.15506
2463000000.0 -37.98265
2464000000.0 -38.66711
2465000000.0 -38.38159
2466000000.0 -37.85218
2467000000.0 -38.08589
2468000000.0 -38.87486
2469000000.0 -38.8619
2470000000.0 -38.38079
2471000000.0 -38.14043
2472000000.0 -38.63666
2473000000.0 -39.03202
2474000000.0 -38.05379
2475000000.0 -37.95537
2476000000.0 -38.38147
2477000000.0 -38.81039
2478000000.0 -38.50712
2479000000.0 -37.94508
2480000000.0 -38.32785
2481000000.0 -38.75456
2482000000.0 -38.43026
2483000000.0 -37.93491
2484000000.0 -38.1666
2485000000.0 -38.53162
2486000000.0 -38.49371
2487000000.0 -38.36976
2488000000.0 -38.37291
2489000000.0 -38.88908
2490000000.0 -38.73491
2491000000.0 -38.17452
2492000000.0 -38.31876
2493000000.0 -38.8203
2494000000.0 -38.7271
2495000000.0 -38.45268
2496000000.0 -38.63401
2497000000.0 -39.22459
2498000000.0 -39.00895
2499000000.0 -38.46685
2500000000.0 -38.51771
2501000000.0 -39.26927
2502000000.0 -38.80543
2503000000.0 -38.1123
2504000000.0 -38.05343
2505000000.0 -38.74636
2506000000.0 -39.10377
2507000000.0 -38.56225
2508000000.0 -38.31774
2509000000.0 -38.68253
2510000000.0 -39.29936
2511000000.0 -38.82919
2512000000.0 -38.44269
2513000000.0 -38.67565
2514000000.0 -39.11156
2515000000.0 -38.97662
2516000000.0 -38.60366
2517000000.0 -38.65283
2518000000.0 -38.91687
2519000000.0 -38.94762
2520000000.0 -38.69138
2521000000.0 -38.71351
2522000000.0 -39.03489
2523000000.0 -39.22174
2524000000.0 -39.0027
2525000000.0 -38.59764
2526000000.0 -38.95706
2527000000.0 -38.6754
2528000000.0 -38.60958
2529000000.0 -38.62369
2530000000.0 -38.83738
2531000000.0 -38.6533
2532000000.0 -38.63993
2533000000.0 -38.91193
2534000000.0 -38.86436
2535000000.0 -38.70568
2536000000.0 -38.49978
2537000000.0 -38.85529
2538000000.0 -38.99928
2539000000.0 -39.07845
2540000000.0 -38.35485
2541000000.0 -38.79407
2542000000.0 -39.65088
2543000000.0 -39.20067
2544000000.0 -38.03647
2545000000.0 -38.0742
2546000000.0 -39.32923
2547000000.0 -39.48248
2548000000.0 -38.23906
2549000000.0 -37.84482
2550000000.0 -38.65878
2551000000.0 -39.54214
2552000000.0 -38.42363
2553000000.0 -37.27637
2554000000.0 -37.93635
2555000000.0 -39.5626
2556000000.0 -38.81713
2557000000.0 -37.75839
2558000000.0 -38.0092
2559000000.0 -39.40286
2560000000.0 -39.28595
2561000000.0 -38.02956
2562000000.0 -37.87547
2563000000.0 -39.12904
2564000000.0 -39.68506
2565000000.0 -38.25133
2566000000.0 -37.93663
2567000000.0 -39.17146
2568000000.0 -40.02729
2569000000.0 -38.74152
2570000000.0 -38.03048
2571000000.0 -38.95812
2572000000.0 -40.03467
2573000000.0 -38.91909
2574000000.0 -37.85044
2575000000.0 -38.39348
2576000000.0 -39.68365
2577000000.0 -38.90311
2578000000.0 -37.75003
2579000000.0 -38.20597
2580000000.0 -39.404
2581000000.0 -39.07295
2582000000.0 -37.76958
2583000000.0 -38.0635
2584000000.0 -39.66375
2585000000.0 -39.33578
2586000000.0 -38.13437
2587000000.0 -37.8807
2588000000.0 -39.19578
2589000000.0 -39.7978
2590000000.0 -38.20461
2591000000.0 -37.90105
2592000000.0 -39.24358
2593000000.0 -39.82606
2594000000.0 -38.67983
2595000000.0 -38.08857
2596000000.0 -39.33995
2597000000.0 -39.89414
2598000000.0 -38.8402
2599000000.0 -38.24383
2600000000.0 -39.02829
2601000000.0 -39.87214
2602000000.0 -38.81414
2603000000.0 -37.9865
2604000000.0 -39.11452
2605000000.0 -40.00771
2606000000.0 -38.62089
2607000000.0 -37.64515
2608000000.0 -38.55926
2609000000.0 -40.03058
2610000000.0 -39.0769
2611000000.0 -37.47813
2612000000.0 -37.79025
2613000000.0 -39.95565
2614000000.0 -39.25913
2615000000.0 -37.48917
2616000000.0 -37.65146
2617000000.0 -39.46067
2618000000.0 -39.92119
2619000000.0 -38.11105
2620000000.0 -37.54155
2621000000.0 -39.14553
2622000000.0 -40.29522
2623000000.0 -39.13203
2624000000.0 -38.22958
2625000000.0 -39.09939
2626000000.0 -39.98661
2627000000.0 -39.02464
2628000000.0 -38.2603
2629000000.0 -39.16551
2630000000.0 -40.04071
2631000000.0 -39.54753
2632000000.0 -38.95501
2633000000.0 -39.42852
2634000000.0 -40.03175
2635000000.0 -39.41604
2636000000.0 -38.61256
2637000000.0 -39.06322
2638000000.0 -39.74622
2639000000.0 -39.51643
2640000000.0 -38.51629
2641000000.0 -38.96819
2642000000.0 -39.95567
2643000000.0 -39.48009
2644000000.0 -38.54248
2645000000.0 -38.77248
2646000000.0 -39.707
2647000000.0 -39.74707
2648000000.0 -39.28574
2649000000.0 -39.46366
2650000000.0 -39.83205
2651000000.0 -39.60529
2652000000.0 -39.16962
2653000000.0 -39.58997
2654000000.0 -39.93628
2655000000.0 -39.99922
2656000000.0 -39.41959
2657000000.0 -40.09581
2658000000.0 -40.35833
2659000000.0 -39.64207
2660000000.0 -39.03162
2661000000.0 -39.07445
2662000000.0 -40.22452
2663000000.0 -39.85997
2664000000.0 -38.87889
2665000000.0 -38.85863
2666000000.0 -40.03317
2667000000.0 -40.08751
2668000000.0 -39.24902
2669000000.0 -39.14513
2670000000.0 -40.27557
2671000000.0 -40.42672
2672000000.0 -39.68165
2673000000.0 -39.30967
2674000000.0 -39.88577
2675000000.0 -40.19985
2676000000.0 -39.23951
2677000000.0 -39.57441
2678000000.0 -40.23846
2679000000.0 -40.09105
2680000000.0 -39.36953
2681000000.0 -39.46887
2682000000.0 -40.15088
2683000000.0 -40.54634
2684000000.0 -39.60274
2685000000.0 -39.42692
2686000000.0 -40.46095
2687000000.0 -40.69636
2688000000.0 -39.62396
2689000000.0 -39.14983
2690000000.0 -39.88021
2691000000.0 -40.86889
2692000000.0 -40.00577
2693000000.0 -39.30617
2694000000.0 -39.96249
2695000000.0 -40.85883
2696000000.0 -40.36442
2697000000.0 -39.80056
2698000000.0 -39.89122
2699000000.0 -40.48104
2700000000.0 -40.07137
2701000000.0 -39.30371
2702000000.0 -40.029
2703000000.0 -40.59523
2704000000.0 -40.05202
2705000000.0 -39.55644
2706000000.0 -39.86645
2707000000.0 -40.91156
2708000000.0 -40.16494
2709000000.0 -39.47456
2710000000.0 -39.68607
2711000000.0 -40.4873
2712000000.0 -40.76569
2713000000.0 -39.34979
2714000000.0 -39.0666
2715000000.0 -40.12466
2716000000.0 -40.7832
2717000000.0 -39.86599
2718000000.0 -39.67518
2719000000.0 -40.18396
2720000000.0 -41.25705
2721000000.0 -40.54477
2722000000.0 -39.85284
2723000000.0 -39.78017
2724000000.0 -40.70386
2725000000.0 -40.57687
2726000000.0 -39.66161
2727000000.0 -39.74818
2728000000.0 -40.6178
2729000000.0 -40.76263
2730000000.0 -40.25879
2731000000.0 -40.08276
2732000000.0 -40.9604
2733000000.0 -41.29216
2734000000.0 -40.97883
2735000000.0 -40.71807
2736000000.0 -40.78782
2737000000.0 -40.98006
2738000000.0 -40.81767
2739000000.0 -40.26042
2740000000.0 -40.17059
2741000000.0 -40.62236
2742000000.0 -40.90943
2743000000.0 -40.93912
2744000000.0 -40.4917
2745000000.0 -40.5155
2746000000.0 -40.77411
2747000000.0 -40.84227
2748000000.0 -40.63313
2749000000.0 -40.37812
2750000000.0 -40.70436
2751000000.0 -41.01197
2752000000.0 -40.71768
2753000000.0 -40.49323
2754000000.0 -40.66069
2755000000.0 -41.22528
2756000000.0 -41.27889
2757000000.0 -40.91774
2758000000.0 -41.22852
2759000000.0 -41.90343
2760000000.0 -41.25735
2761000000.0 -40.93331
2762000000.0 -40.45673
2763000000.0 -40.97343
2764000000.0 -40.75081
2765000000.0 -40.47581
2766000000.0 -40.25239
2767000000.0 -40.87886
2768000000.0 -40.77632
2769000000.0 -40.44038
2770000000.0 -40.54102
2771000000.0 -40.88338
2772000000.0 -41.35072
2773000000.0 -40.59113
2774000000.0 -40.64273
2775000000.0 -41.1203
2776000000.0 -41.15188
2777000000.0 -40.34838
2778000000.0 -40.53222
2779000000.0 -41.38457
2780000000.0 -41.90134
2781000000.0 -40.71836
2782000000.0 -40.52507
2783000000.0 -41.92427
2784000000.0 -42.19426
2785000000.0 -40.22189
2786000000.0 -38.99753
2787000000.0 -40.23476
2788000000.0 -41.50676
2789000000.0 -40.69982
2790000000.0 -39.02907
2791000000.0 -39.21996
2792000000.0 -40.90728
2793000000.0 -40.72266
2794000000.0 -39.06516
2795000000.0 -38.993
2796000000.0 -40.3693
2797000000.0 -41.15679
2798000000.0 -39.72466
2799000000.0 -39.15945
2800000000.0 -40.2782
2801000000.0 -41.36142
2802000000.0 -39.95097
2803000000.0 -38.83372
2804000000.0 -40.33228
2805000000.0 -42.15516
2806000000.0 -41.45559
2807000000.0 -39.91578
2808000000.0 -39.9302
2809000000.0 -41.54318
2810000000.0 -41.23781
2811000000.0 -39.78328
2812000000.0 -39.6579
2813000000.0 -41.33623
2814000000.0 -41.67601
2815000000.0 -39.93419
2816000000.0 -39.45662
2817000000.0 -40.66355
2818000000.0 -41.52507
2819000000.0 -40.43198
2820000000.0 -39.63271
2821000000.0 -41.16576
2822000000.0 -41.58215
2823000000.0 -40.63726
2824000000.0 -39.50878
2825000000.0 -40.14565
2826000000.0 -41.79645
2827000000.0 -41.1918
2828000000.0 -39.96905
2829000000.0 -40.53815
2830000000.0 -42.26256
2831000000.0 -41.51411
2832000000.0 -40.16587
2833000000.0 -39.91493
2834000000.0 -41.77299
2835000000.0 -41.95124
2836000000.0 -40.85553
2837000000.0 -40.51773
2838000000.0 -41.10707
2839000000.0 -41.78934
2840000000.0 -40.43553
2841000000.0 -39.98809
2842000000.0 -40.79969
2843000000.0 -41.56113
2844000000.0 -41.20405
2845000000.0 -40.57178
2846000000.0 -41.53956
2847000000.0 -41.6467
2848000000.0 -40.81994
2849000000.0 -40.28556
2850000000.0 -40.7665
2851000000.0 -41.4777
2852000000.0 -42.00094
2853000000.0 -40.70733
2854000000.0 -40.98568
2855000000.0 -42.25607
2856000000.0 -41.94751
2857000000.0 -40.88861
2858000000.0 -40.23421
2859000000.0 -40.87556
2860000000.0 -41.61983
2861000000.0 -41.12833
2862000000.0 -40.72842
2863000000.0 -40.69847
2864000000.0 -41.2059
2865000000.0 -41.79177
2866000000.0 -40.98215
2867000000.0 -40.83234
2868000000.0 -41.58905
2869000000.0 -41.7182
2870000000.0 -41.59401
2871000000.0 -41.00996
2872000000.0 -41.78141
2873000000.0 -42.07405
2874000000.0 -41.73721
2875000000.0 -41.27109
2876000000.0 -41.46598
2877000000.0 -42.0448
2878000000.0 -42.51559
2879000000.0 -41.98126
2880000000.0 -41.58198
2881000000.0 -41.92284
2882000000.0 -42.6557
2883000000.0 -41.76336
2884000000.0 -41.42741
2885000000.0 -41.66814
2886000000.0 -42.08817
2887000000.0 -41.14811
2888000000.0 -41.34798
2889000000.0 -41.73025
2890000000.0 -42.00116
2891000000.0 -41.08249
2892000000.0 -40.94468
2893000000.0 -41.56204
2894000000.0 -42.27626
2895000000.0 -41.31326
2896000000.0 -40.86375
2897000000.0 -41.92541
2898000000.0 -42.70128
2899000000.0 -41.39063
2900000000.0 -40.49416
2901000000.0 -40.647
2902000000.0 -42.89838
2903000000.0 -42.85258
2904000000.0 -40.33538
2905000000.0 -39.77773
2906000000.0 -41.62571
2907000000.0 -42.44718
2908000000.0 -40.39216
2909000000.0 -39.28352
2910000000.0 -40.0797
2911000000.0 -41.42285
2912000000.0 -40.13859
2913000000.0 -38.66383
2914000000.0 -39.32177
2915000000.0 -40.8821
2916000000.0 -40.57283
2917000000.0 -39.20171
2918000000.0 -39.37948
2919000000.0 -41.52219
2920000000.0 -41.27574
2921000000.0 -38.96674
2922000000.0 -38.85371
2923000000.0 -40.84499
2924000000.0 -42.5326
2925000000.0 -39.96574
2926000000.0 -38.81601
2927000000.0 -39.88521
2928000000.0 -42.22213
2929000000.0 -41.17075
2930000000.0 -39.47694
2931000000.0 -40.25745
2932000000.0 -41.98754
2933000000.0 -41.61948
2934000000.0 -39.70085
2935000000.0 -39.63822
2936000000.0 -41.24259
2937000000.0 -41.37756
2938000000.0 -39.921
2939000000.0 -39.92027
2940000000.0 -41.83926
2941000000.0 -41.29781
2942000000.0 -39.67767
2943000000.0 -39.75015
2944000000.0 -41.63914
2945000000.0 -42.35949
2946000000.0 -39.96511
2947000000.0 -39.32907
2948000000.0 -41.57108
2949000000.0 -42.80153
2950000000.0 -40.62004
2951000000.0 -39.33549
2952000000.0 -40.43657
2953000000.0 -42.59696
2954000000.0 -41.8202
2955000000.0 -40.70824
2956000000.0 -41.26966
2957000000.0 -42.58854
2958000000.0 -41.4883
2959000000.0 -40.30231
2960000000.0 -40.65574
2961000000.0 -42.13214
2962000000.0 -41.94897
2963000000.0 -40.34016
2964000000.0 -41.26508
2965000000.0 -42.48955
2966000000.0 -41.27074
2967000000.0 -40.21191
2968000000.0 -40.89953
2969000000.0 -42.88113
2970000000.0 -42.45446
2971000000.0 -40.81491
2972000000.0 -41.25897
2973000000.0 -43.2109
2974000000.0 -42.36193
2975000000.0 -40.05897
2976000000.0 -40.3919
2977000000.0 -42.88251
2978000000.0 -42.81282
2979000000.0 -40.81136
2980000000.0 -40.59031
2981000000.0 -42.11592
2982000000.0 -42.59806
2983000000.0 -40.73822
2984000000.0 -40.43373
2985000000.0 -41.83092
2986000000.0 -42.1782
2987000000.0 -40.47925
2988000000.0 -40.46261
2989000000.0 -41.87532
2990000000.0 -42.18498
2991000000.0 -40.30718
2992000000.0 -39.7904
2993000000.0 -41.56112
2994000000.0 -43.69125
2995000000.0 -41.57075
2996000000.0 -39.75323
2997000000.0 -40.88322
2998000000.0 -42.8485
2999000000.0 -41.40493
3000000000.0 -39.15509
 
