400000000.0 -61.91506
401000000.0 -62.0801
402000000.0 -62.67239
403000000.0 -62.44728
404000000.0 -61.93959
405000000.0 -62.70802
406000000.0 -64.076
407000000.0 -64.78054
408000000.0 -64.49619
409000000.0 -64.16714
410000000.0 -64.31666
411000000.0 -64.19889
412000000.0 -63.36408
413000000.0 -62.81239
414000000.0 -63.21881
415000000.0 -63.85537
416000000.0 -63.87792
417000000.0 -63.32354
418000000.0 -63.00713
419000000.0 -63.26447
420000000.0 -63.05685
421000000.0 -62.57735
422000000.0 -62.13942
423000000.0 -62.16803
424000000.0 -62.17121
425000000.0 -62.13023
426000000.0 -62.20317
427000000.0 -62.55824
428000000.0 -63.11089
429000000.0 -63.71823
430000000.0 -63.7793
431000000.0 -63.54241
432000000.0 -62.82865
433000000.0 -62.17917
434000000.0 -61.53785
435000000.0 -60.88747
436000000.0 -60.29913
437000000.0 -60.07133
438000000.0 -60.3221
439000000.0 -60.71727
440000000.0 -60.82925
441000000.0 -60.71183
442000000.0 -60.97681
443000000.0 -61.32844
444000000.0 -61.36375
445000000.0 -61.05725
446000000.0 -60.97579
447000000.0 -61.27062
448000000.0 -61.50304
449000000.0 -61.4931
450000000.0 -61.56964
451000000.0 -61.80617
452000000.0 -62.20118
453000000.0 -62.39608
454000000.0 -62.55469
455000000.0 -62.87749
456000000.0 -63.41068
457000000.0 -63.8503
458000000.0 -63.66833
459000000.0 -63.24771
460000000.0 -62.97647
461000000.0 -62.90237
462000000.0 -62.84559
463000000.0 -62.69656
464000000.0 -62.3314
465000000.0 -62.09799
466000000.0 -62.12537
467000000.0 -62.11292
468000000.0 -62.16764
469000000.0 -62.41728
470000000.0 -62.6949
471000000.0 -63.0815
472000000.0 -63.07798
473000000.0 -62.89405
474000000.0 -62.54653
475000000.0 -62.24542
476000000.0 -62.07837
477000000.0 -61.91936
478000000.0 -61.61471
479000000.0 -61.35134
480000000.0 -61.21781
481000000.0 -61.2034
482000000.0 -60.96855
483000000.0 -60.46626
484000000.0 -60.01866
485000000.0 -59.83231
486000000.0 -59.58628
487000000.0 -59.31613
488000000.0 -59.1358
489000000.0 -59.02237
490000000.0 -58.94536
491000000.0 -58.96339
492000000.0 -59.0422
493000000.0 -59.19511
494000000.0 -59.18714
495000000.0 -59.30318
496000000.0 -59.37943
497000000.0 -59.40598
498000000.0 -59.21186
499000000.0 -58.95707
500000000.0 -58.72761
501000000.0 -58.79315
502000000.0 -58.80932
503000000.0 -58.75412
504000000.0 -58.80606
505000000.0 -58.88107
506000000.0 -59.02972
507000000.0 -59.13755
508000000.0 -59.17993
509000000.0 -59.25031
510000000.0 -59.27286
511000000.0 -59.32184
512000000.0 -59.4129
513000000.0 -59.6257
514000000.0 -59.72738
515000000.0 -59.73941
516000000.0 -59.83126
517000000.0 -60.02027
518000000.0 -60.08873
519000000.0 -59.95875
520000000.0 -59.89965
521000000.0 -60.01736
522000000.0 -60.19097
523000000.0 -60.04729
524000000.0 -59.75354
525000000.0 -59.61419
526000000.0 -59.58587
527000000.0 -59.5144
528000000.0 -59.2249
529000000.0 -59.05834
530000000.0 -58.91718
531000000.0 -58.93119
532000000.0 -58.88358
533000000.0 -58.80303
534000000.0 -58.73351
535000000.0 -58.74456
536000000.0 -59.00952
537000000.0 -59.32537
538000000.0 -59.37734
539000000.0 -59.22418
540000000.0 -59.37658
541000000.0 -59.67632
542000000.0 -59.74942
543000000.0 -59.48404
544000000.0 -59.36844
545000000.0 -59.48248
546000000.0 -59.56279
547000000.0 -59.33272
548000000.0 -59.04404
549000000.0 -58.8979
550000000.0 -58.88346
551000000.0 -58.83469
552000000.0 -58.75852
553000000.0 -58.66685
554000000.0 -58.55986
555000000.0 -58.61242
556000000.0 -58.79702
557000000.0 -58.79651
558000000.0 -58.6204
559000000.0 -58.61134
560000000.0 -58.81281
561000000.0 -58.87882
562000000.0 -58.74996
563000000.0 -58.50351
564000000.0 -58.47067
565000000.0 -58.52868
566000000.0 -58.50029
567000000.0 -58.38894
568000000.0 -58.35704
569000000.0 -58.46029
570000000.0 -58.57414
571000000.0 -58.61599
572000000.0 -58.60645
573000000.0 -58.65255
574000000.0 -58.75227
575000000.0 -58.82843
576000000.0 -58.81367
577000000.0 -58.77398
578000000.0 -58.77173
579000000.0 -58.81852
580000000.0 -58.87717
581000000.0 -58.89833
582000000.0 -58.95235
583000000.0 -58.97962
584000000.0 -58.94937
585000000.0 -58.96493
586000000.0 -59.07303
587000000.0 -59.02217
588000000.0 -59.00845
589000000.0 -59.0648
590000000.0 -59.19257
591000000.0 -59.09834
592000000.0 -59.03299
593000000.0 -59.01591
594000000.0 -59.04725
595000000.0 -59.03867
596000000.0 -58.983
597000000.0 -59.05597
598000000.0 -59.08042
599000000.0 -59.08012
600000000.0 -59.02642
601000000.0 -59.05813
602000000.0 -59.15654
603000000.0 -59.15025
604000000.0 -59.09348
605000000.0 -59.16199
606000000.0 -59.18814
607000000.0 -59.07455
608000000.0 -58.93092
609000000.0 -58.85953
610000000.0 -58.83981
611000000.0 -58.79521
612000000.0 -58.79714
613000000.0 -58.76908
614000000.0 -58.68555
615000000.0 -58.5873
616000000.0 -58.5247
617000000.0 -58.5083
618000000.0 -58.46396
619000000.0 -58.46826
620000000.0 -58.47076
621000000.0 -58.50791
622000000.0 -58.42963
623000000.0 -58.40666
624000000.0 -58.35217
625000000.0 -58.37881
626000000.0 -58.30116
627000000.0 -58.28232
628000000.0 -58.34453
629000000.0 -58.38219
630000000.0 -58.40923
631000000.0 -58.4748
632000000.0 -58.52187
633000000.0 -58.48096
634000000.0 -58.45406
635000000.0 -58.50109
636000000.0 -58.55021
637000000.0 -58.50188
638000000.0 -58.45649
639000000.0 -58.53326
640000000.0 -58.63919
641000000.0 -58.60395
642000000.0 -58.47894
643000000.0 -58.47052
644000000.0 -58.4846
645000000.0 -58.46862
646000000.0 -58.52958
647000000.0 -58.57961
648000000.0 -58.54099
649000000.0 -58.51411
650000000.0 -58.44042
651000000.0 -58.4133
652000000.0 -58.38993
653000000.0 -58.45732
654000000.0 -58.47119
655000000.0 -58.47031
656000000.0 -58.49412
657000000.0 -58.48471
658000000.0 -58.40866
659000000.0 -58.43152
660000000.0 -58.51974
661000000.0 -58.56762
662000000.0 -58.61399
663000000.0 -58.52856
664000000.0 -58.49317
665000000.0 -58.54541
666000000.0 -58.59538
667000000.0 -58.5693
668000000.0 -58.56425
669000000.0 -58.68245
670000000.0 -58.7335
671000000.0 -58.77513
672000000.0 -58.69026
673000000.0 -58.68076
674000000.0 -58.73929
675000000.0 -58.67899
676000000.0 -58.71625
677000000.0 -58.78896
678000000.0 -58.85453
679000000.0 -58.83325
680000000.0 -58.78927
681000000.0 -58.90437
682000000.0 -58.89965
683000000.0 -58.8675
684000000.0 -58.84095
685000000.0 -58.91101
686000000.0 -58.87765
687000000.0 -58.78476
688000000.0 -58.77322
689000000.0 -58.83403
690000000.0 -58.85975
691000000.0 -58.91641
692000000.0 -58.88845
693000000.0 -58.86102
694000000.0 -58.99588
695000000.0 -59.126
696000000.0 -59.18456
697000000.0 -59.25896
698000000.0 -59.30095
699000000.0 -59.37984
700000000.0 -59.32035
701000000.0 -59.30971
702000000.0 -59.31172
703000000.0 -59.35257
704000000.0 -59.30906
705000000.0 -59.28878
706000000.0 -59.36002
707000000.0 -59.34212
708000000.0 -59.2827
709000000.0 -59.31798
710000000.0 -59.39839
711000000.0 -59.46939
712000000.0 -59.38692
713000000.0 -59.29896
714000000.0 -59.41795
715000000.0 -59.45973
716000000.0 -59.33823
717000000.0 -59.29018
718000000.0 -59.37297
719000000.0 -59.49588
720000000.0 -59.51407
721000000.0 -59.42847
722000000.0 -59.41073
723000000.0 -59.50538
724000000.0 -59.53619
725000000.0 -59.558
726000000.0 -59.66466
727000000.0 -59.69114
728000000.0 -59.68908
729000000.0 -59.65462
730000000.0 -59.62902
731000000.0 -59.63448
732000000.0 -59.63589
733000000.0 -59.6466
734000000.0 -59.55596
735000000.0 -59.56361
736000000.0 -59.44598
737000000.0 -59.41029
738000000.0 -59.40415
739000000.0 -59.41952
740000000.0 -59.41261
741000000.0 -59.37373
742000000.0 -59.48165
743000000.0 -59.46896
744000000.0 -59.46521
745000000.0 -59.4648
746000000.0 -59.50169
747000000.0 -59.584
748000000.0 -59.60046
749000000.0 -59.48244
750000000.0 -59.43715
751000000.0 -59.53657
752000000.0 -59.59453
753000000.0 -59.45798
754000000.0 -59.34149
755000000.0 -59.41885
756000000.0 -59.55824
757000000.0 -59.51267
758000000.0 -59.40288
759000000.0 -59.3905
760000000.0 -59.52333
761000000.0 -59.49786
762000000.0 -59.40731
763000000.0 -59.39528
764000000.0 -59.47038
765000000.0 -59.45362
766000000.0 -59.33737
767000000.0 -59.28028
768000000.0 -59.39296
769000000.0 -59.42033
770000000.0 -59.41618
771000000.0 -59.34824
772000000.0 -59.35818
773000000.0 -59.35971
774000000.0 -59.42269
775000000.0 -59.51399
776000000.0 -59.54085
777000000.0 -59.55492
778000000.0 -59.53347
779000000.0 -59.58146
780000000.0 -59.60194
781000000.0 -59.52972
782000000.0 -59.45663
783000000.0 -59.43144
784000000.0 -59.49817
785000000.0 -59.52197
786000000.0 -59.51707
787000000.0 -59.35641
788000000.0 -59.35589
789000000.0 -59.42529
790000000.0 -59.4838
791000000.0 -59.39515
792000000.0 -59.31551
793000000.0 -59.40573
794000000.0 -59.4868
795000000.0 -59.43729
796000000.0 -59.30678
797000000.0 -59.35441
798000000.0 -59.50657
799000000.0 -59.48868
800000000.0 -59.41204
801000000.0 -59.3666
802000000.0 -59.43916
803000000.0 -59.40061
804000000.0 -59.29844
805000000.0 -59.26711
806000000.0 -59.24097
807000000.0 -59.18041
808000000.0 -59.18666
809000000.0 -59.19417
810000000.0 -59.19268
811000000.0 -59.17526
812000000.0 -59.20425
813000000.0 -59.3048
814000000.0 -59.30151
815000000.0 -59.29067
816000000.0 -59.37684
817000000.0 -59.45888
818000000.0 -59.57215
819000000.0 -59.52829
820000000.0 -59.55844
821000000.0 -59.57716
822000000.0 -59.62962
823000000.0 -59.61582
824000000.0 -59.5428
825000000.0 -59.5481
826000000.0 -59.61034
827000000.0 -59.68658
828000000.0 -59.66027
829000000.0 -59.64632
830000000.0 -59.62923
831000000.0 -59.67784
832000000.0 -59.67837
833000000.0 -59.60248
834000000.0 -59.61977
835000000.0 -59.78037
836000000.0 -59.79578
837000000.0 -59.70264
838000000.0 -59.64395
839000000.0 -59.68062
840000000.0 -59.82644
841000000.0 -59.74916
842000000.0 -59.68336
843000000.0 -59.74501
844000000.0 -59.85346
845000000.0 -59.97839
846000000.0 -59.9338
847000000.0 -59.91674
848000000.0 -59.92867
849000000.0 -59.98809
850000000.0 -60.05611
851000000.0 -60.05245
852000000.0 -59.9257
853000000.0 -59.93929
854000000.0 -60.04203
855000000.0 -60.1052
856000000.0 -59.95835
857000000.0 -59.95973
858000000.0 -60.06529
859000000.0 -60.09926
860000000.0 -60.02774
861000000.0 -59.96859
862000000.0 -60.11613
863000000.0 -60.19771
864000000.0 -60.21699
865000000.0 -60.26263
866000000.0 -60.39805
867000000.0 -60.38125
868000000.0 -60.34991
869000000.0 -60.39484
870000000.0 -60.54058
871000000.0 -60.57174
872000000.0 -60.44981
873000000.0 -60.31046
874000000.0 -60.26448
875000000.0 -60.18532
876000000.0 -60.14001
877000000.0 -60.10172
878000000.0 -60.04819
879000000.0 -60.00599
880000000.0 -60.02203
881000000.0 -60.11882
882000000.0 -60.08443
883000000.0 -60.14175
884000000.0 -60.22113
885000000.0 -60.36634
886000000.0 -60.38298
887000000.0 -60.36206
888000000.0 -60.42568
889000000.0 -60.47467
890000000.0 -60.34125
891000000.0 -60.17824
892000000.0 -60.16177
893000000.0 -60.22256
894000000.0 -60.14757
895000000.0 -60.08792
896000000.0 -60.15005
897000000.0 -60.19844
898000000.0 -60.16559
899000000.0 -60.12882
900000000.0 -60.18717
901000000.0 -60.24454
902000000.0 -60.17247
903000000.0 -60.14532
904000000.0 -60.15704
905000000.0 -60.28855
906000000.0 -60.32092
907000000.0 -60.28316
908000000.0 -60.33503
909000000.0 -60.46948
910000000.0 -60.5104
911000000.0 -60.34839
912000000.0 -60.39574
913000000.0 -60.56425
914000000.0 -60.71198
915000000.0 -60.68695
916000000.0 -60.59843
917000000.0 -60.72743
918000000.0 -60.94791
919000000.0 -60.90615
920000000.0 -60.68923
921000000.0 -60.61708
922000000.0 -60.79041
923000000.0 -60.86065
924000000.0 -60.73963
925000000.0 -60.59394
926000000.0 -60.69302
927000000.0 -60.82104
928000000.0 -60.81341
929000000.0 -60.76693
930000000.0 -60.82749
931000000.0 -61.07204
932000000.0 -61.24596
933000000.0 -61.35574
934000000.0 -61.47621
935000000.0 -61.49294
936000000.0 -61.52219
937000000.0 -61.61329
938000000.0 -61.60954
939000000.0 -61.38026
940000000.0 -61.22153
941000000.0 -61.27917
942000000.0 -61.41363
943000000.0 -61.31161
944000000.0 -61.16261
945000000.0 -61.15979
946000000.0 -61.21223
947000000.0 -61.12142
948000000.0 -61.11758
949000000.0 -61.20156
950000000.0 -61.30757
951000000.0 -61.35885
952000000.0 -61.33088
953000000.0 -61.266
954000000.0 -61.30956
955000000.0 -61.40537
956000000.0 -61.46831
957000000.0 -61.31459
958000000.0 -61.20299
959000000.0 -61.19337
960000000.0 -61.32445
961000000.0 -61.42188
962000000.0 -61.33146
963000000.0 -61.23266
964000000.0 -61.25095
965000000.0 -61.36344
966000000.0 -61.44994
967000000.0 -61.4408
968000000.0 -61.29654
969000000.0 -61.26491
970000000.0 -61.44646
971000000.0 -61.48069
972000000.0 -61.39516
973000000.0 -61.22891
974000000.0 -61.26125
975000000.0 -61.36534
976000000.0 -61.31441
977000000.0 -61.1521
978000000.0 -61.03601
979000000.0 -61.09988
980000000.0 -61.32053
981000000.0 -61.26254
982000000.0 -61.21168
983000000.0 -61.15387
984000000.0 -61.29108
985000000.0 -61.3457
986000000.0 -61.25734
987000000.0 -61.10208
988000000.0 -61.12527
989000000.0 -61.05444
990000000.0 -61.1255
991000000.0 -61.04008
992000000.0 -61.05556
993000000.0 -61.07143
994000000.0 -61.10403
995000000.0 -60.99535
996000000.0 -60.9577
997000000.0 -60.98376
998000000.0 -61.0649
999000000.0 -61.19626
1000000000.0 -61.15136
1001000000.0 -61.11213
1002000000.0 -61.08932
1003000000.0 -61.14359
1004000000.0 -61.19438
1005000000.0 -61.15543
1006000000.0 -61.11374
1007000000.0 -61.14997
1008000000.0 -61.19891
1009000000.0 -61.27103
1010000000.0 -61.23871
1011000000.0 -61.32418
1012000000.0 -61.45543
1013000000.0 -61.48763
1014000000.0 -61.42352
1015000000.0 -61.43058
1016000000.0 -61.48193
1017000000.0 -61.48733
1018000000.0 -61.36737
1019000000.0 -61.34529
1020000000.0 -61.47036
1021000000.0 -61.55531
1022000000.0 -61.45695
1023000000.0 -61.2668
1024000000.0 -61.26382
1025000000.0 -61.40131
1026000000.0 -61.33203
1027000000.0 -61.31812
1028000000.0 -61.4506
1029000000.0 -61.5407
1030000000.0 -61.59905
1031000000.0 -61.45354
1032000000.0 -61.45504
1033000000.0 -61.62072
1034000000.0 -61.62492
1035000000.0 -61.45858
1036000000.0 -61.41492
1037000000.0 -61.48531
1038000000.0 -61.48106
1039000000.0 -61.30099
1040000000.0 -61.23327
1041000000.0 -61.38136
1042000000.0 -61.48594
1043000000.0 -61.3868
1044000000.0 -61.24774
1045000000.0 -61.37817
1046000000.0 -61.54869
1047000000.0 -61.50068
1048000000.0 -61.39339
1049000000.0 -61.34425
1050000000.0 -61.46421
1051000000.0 -61.53308
1052000000.0 -61.37981
1053000000.0 -61.33811
1054000000.0 -61.56178
1055000000.0 -61.55264
1056000000.0 -61.46165
1057000000.0 -61.5261
1058000000.0 -61.69981
1059000000.0 -61.76667
1060000000.0 -61.7451
1061000000.0 -61.90198
1062000000.0 -62.12825
1063000000.0 -62.1652
1064000000.0 -61.87611
1065000000.0 -61.82138
1066000000.0 -61.98242
1067000000.0 -62.02177
1068000000.0 -61.81139
1069000000.0 -61.76675
1070000000.0 -62.03121
1071000000.0 -62.17246
1072000000.0 -62.02005
1073000000.0 -61.81382
1074000000.0 -61.91988
1075000000.0 -62.13196
1076000000.0 -62.089
1077000000.0 -62.02664
1078000000.0 -62.18658
1079000000.0 -62.33477
1080000000.0 -62.27331
1081000000.0 -62.04299
1082000000.0 -62.12191
1083000000.0 -62.31665
1084000000.0 -62.2989
1085000000.0 -62.05738
1086000000.0 -61.97623
1087000000.0 -62.08287
1088000000.0 -62.048
1089000000.0 -61.77579
1090000000.0 -61.60011
1091000000.0 -61.72245
1092000000.0 -61.76542
1093000000.0 -61.63646
1094000000.0 -61.49563
1095000000.0 -61.68727
1096000000.0 -61.82317
1097000000.0 -61.83058
1098000000.0 -61.74176
1099000000.0 -61.82961
1100000000.0 -62.02031
1101000000.0 -61.94946
1102000000.0 -61.76188
1103000000.0 -61.72888
1104000000.0 -61.94167
1105000000.0 -61.86471
1106000000.0 -61.79688
1107000000.0 -61.908
1108000000.0 -62.08587
1109000000.0 -62.0848
1110000000.0 -61.96554
1111000000.0 -62.03235
1112000000.0 -62.22924
1113000000.0 -62.18105
1114000000.0 -61.9877
1115000000.0 -61.84741
1116000000.0 -62.06286
1117000000.0 -62.17844
1118000000.0 -62.03733
1119000000.0 -61.97526
1120000000.0 -62.06049
1121000000.0 -62.2006
1122000000.0 -62.08684
1123000000.0 -62.02341
1124000000.0 -62.20209
1125000000.0 -62.54327
1126000000.0 -62.61831
1127000000.0 -62.48194
1128000000.0 -62.46568
1129000000.0 -62.59503
1130000000.0 -62.65992
1131000000.0 -62.47141
1132000000.0 -62.42008
1133000000.0 -62.64249
1134000000.0 -62.74502
1135000000.0 -62.72534
1136000000.0 -62.54398
1137000000.0 -62.50327
1138000000.0 -62.50537
1139000000.0 -62.47675
1140000000.0 -62.48486
1141000000.0 -62.60149
1142000000.0 -62.63615
1143000000.0 -62.53201
1144000000.0 -62.52887
1145000000.0 -62.58048
1146000000.0 -62.65612
1147000000.0 -62.697
1148000000.0 -62.8124
1149000000.0 -62.97907
1150000000.0 -62.99503
1151000000.0 -62.88528
1152000000.0 -62.73483
1153000000.0 -62.76225
1154000000.0 -62.82555
1155000000.0 -62.74163
1156000000.0 -62.67979
1157000000.0 -62.73265
1158000000.0 -62.82142
1159000000.0 -62.75986
1160000000.0 -62.5975
1161000000.0 -62.54887
1162000000.0 -62.66272
1163000000.0 -62.74575
1164000000.0 -62.76477
1165000000.0 -62.72252
1166000000.0 -62.67974
1167000000.0 -62.68523
1168000000.0 -62.71006
1169000000.0 -62.67255
1170000000.0 -62.56799
1171000000.0 -62.60406
1172000000.0 -62.76738
1173000000.0 -62.78906
1174000000.0 -62.78502
1175000000.0 -62.84051
1176000000.0 -62.89194
1177000000.0 -63.03841
1178000000.0 -62.889
1179000000.0 -62.76041
1180000000.0 -62.73164
1181000000.0 -62.84931
1182000000.0 -62.93
1183000000.0 -62.88739
1184000000.0 -62.83628
1185000000.0 -62.85322
1186000000.0 -62.90474
1187000000.0 -62.78912
1188000000.0 -62.8085
1189000000.0 -62.76133
1190000000.0 -62.96107
1191000000.0 -63.09153
1192000000.0 -63.08676
1193000000.0 -62.92086
1194000000.0 -62.82931
1195000000.0 -62.92886
1196000000.0 -63.0038
1197000000.0 -63.04107
1198000000.0 -63.08697
1199000000.0 -62.99042
1200000000.0 -63.11975
1201000000.0 -63.15341
1202000000.0 -63.03518
1203000000.0 -62.96619
1204000000.0 -63.02468
1205000000.0 -63.20214
1206000000.0 -63.17993
1207000000.0 -63.07221
1208000000.0 -62.99459
1209000000.0 -62.93637
1210000000.0 -62.96681
1211000000.0 -62.86771
1212000000.0 -62.91011
1213000000.0 -63.08616
1214000000.0 -63.2146
1215000000.0 -63.05109
1216000000.0 -62.9687
1217000000.0 -63.07909
1218000000.0 -63.27222
1219000000.0 -63.26511
1220000000.0 -63.15099
1221000000.0 -63.20553
1222000000.0 -63.44281
1223000000.0 -63.39918
1224000000.0 -63.23776
1225000000.0 -63.15479
1226000000.0 -63.38934
1227000000.0 -63.49556
1228000000.0 -63.42681
1229000000.0 -63.33041
1230000000.0 -63.37215
1231000000.0 -63.47034
1232000000.0 -63.28469
1233000000.0 -63.19107
1234000000.0 -63.28757
1235000000.0 -63.4378
1236000000.0 -63.38942
1237000000.0 -63.22026
1238000000.0 -63.25635
1239000000.0 -63.50473
1240000000.0 -63.52932
1241000000.0 -63.4605
1242000000.0 -63.49567
1243000000.0 -63.78028
1244000000.0 -63.73515
1245000000.0 -63.6096
1246000000.0 -63.44302
1247000000.0 -63.65364
1248000000.0 -63.73813
1249000000.0 -63.49809
1250000000.0 -63.4441
1251000000.0 -63.57328
1252000000.0 -63.70057
1253000000.0 -63.59967
1254000000.0 -63.44025
1255000000.0 -63.60248
1256000000.0 -63.61864
1257000000.0 -63.4459
1258000000.0 -63.29998
1259000000.0 -63.36122
1260000000.0 -63.59573
1261000000.0 -63.42028
1262000000.0 -63.29255
1263000000.0 -63.42213
1264000000.0 -63.6592
1265000000.0 -63.61937
1266000000.0 -63.43633
1267000000.0 -63.52553
1268000000.0 -63.7063
1269000000.0 -63.78411
1270000000.0 -63.65521
1271000000.0 -63.70443
1272000000.0 -63.82101
1273000000.0 -63.76299
1274000000.0 -63.47912
1275000000.0 -63.41483
1276000000.0 -63.64017
1277000000.0 -63.75927
1278000000.0 -63.68616
1279000000.0 -63.48508
1280000000.0 -63.56342
1281000000.0 -63.68276
1282000000.0 -63.60331
1283000000.0 -63.43522
1284000000.0 -63.585
1285000000.0 -63.78924
1286000000.0 -63.74245
1287000000.0 -63.60508
1288000000.0 -63.69432
1289000000.0 -63.91863
1290000000.0 -63.94995
1291000000.0 -63.92887
1292000000.0 -63.97451
1293000000.0 -64.21397
1294000000.0 -64.19079
1295000000.0 -64.0116
1296000000.0 -63.92833
1297000000.0 -63.95171
1298000000.0 -64.04771
1299000000.0 -63.90758
1300000000.0 -63.91981
1301000000.0 -64.00677
1302000000.0 -64.02082
1303000000.0 -63.91392
1304000000.0 -63.79668
1305000000.0 -63.85807
1306000000.0 -64.03949
1307000000.0 -63.98347
1308000000.0 -63.96159
1309000000.0 -63.8991
1310000000.0 -64.0312
1311000000.0 -64.08843
1312000000.0 -64.15298
1313000000.0 -64.16165
1314000000.0 -64.25136
1315000000.0 -64.24414
1316000000.0 -64.24957
1317000000.0 -64.23521
1318000000.0 -64.3103
1319000000.0 -64.30338
1320000000.0 -64.3821
1321000000.0 -64.35705
1322000000.0 -64.33683
1323000000.0 -64.24958
1324000000.0 -64.23772
1325000000.0 -64.2726
1326000000.0 -64.26434
1327000000.0 -64.24343
1328000000.0 -64.29294
1329000000.0 -64.27065
1330000000.0 -64.28532
1331000000.0 -64.22555
1332000000.0 -64.17965
1333000000.0 -64.24936
1334000000.0 -64.41293
1335000000.0 -64.4019
1336000000.0 -64.49147
1337000000.0 -64.51208
1338000000.0 -64.58994
1339000000.0 -64.59209
1340000000.0 -64.51532
1341000000.0 -64.66796
1342000000.0 -64.85187
1343000000.0 -64.79847
1344000000.0 -64.70364
1345000000.0 -64.66405
1346000000.0 -64.71911
1347000000.0 -64.68615
1348000000.0 -64.42516
1349000000.0 -64.47215
1350000000.0 -64.57458
1351000000.0 -64.6306
1352000000.0 -64.37912
1353000000.0 -64.21256
1354000000.0 -64.28268
1355000000.0 -64.49195
1356000000.0 -64.48476
1357000000.0 -64.29854
1358000000.0 -64.44299
1359000000.0 -64.6503
1360000000.0 -64.67969
1361000000.0 -64.56187
1362000000.0 -64.61391
1363000000.0 -64.70386
1364000000.0 -64.91335
1365000000.0 -64.70971
1366000000.0 -64.75306
1367000000.0 -64.8402
1368000000.0 -64.69602
1369000000.0 -64.59936
1370000000.0 -64.60101
1371000000.0 -64.69276
1372000000.0 -64.68082
1373000000.0 -64.41178
1374000000.0 -64.39441
1375000000.0 -64.64395
1376000000.0 -64.73607
1377000000.0 -64.44057
1378000000.0 -64.25852
1379000000.0 -64.6056
1380000000.0 -65.00076
1381000000.0 -64.72049
1382000000.0 -64.31635
1383000000.0 -64.35478
1384000000.0 -64.72219
1385000000.0 -64.92406
1386000000.0 -64.69702
1387000000.0 -64.62127
1388000000.0 -64.77065
1389000000.0 -65.00934
1390000000.0 -64.88574
1391000000.0 -64.7524
1392000000.0 -64.89507
1393000000.0 -65.09676
1394000000.0 -65.02615
1395000000.0 -64.84595
1396000000.0 -64.6931
1397000000.0 -64.73773
1398000000.0 -64.69693
1399000000.0 -64.58189
1400000000.0 -64.58093
1401000000.0 -64.57175
1402000000.0 -64.65062
1403000000.0 -64.51922
1404000000.0 -64.62162
1405000000.0 -64.67463
1406000000.0 -64.68974
1407000000.0 -64.77279
1408000000.0 -64.911
1409000000.0 -65.00002
1410000000.0 -65.05585
1411000000.0 -65.04881
1412000000.0 -65.03181
1413000000.0 -65.21996
1414000000.0 -65.30135
1415000000.0 -65.15043
1416000000.0 -65.09661
1417000000.0 -65.08376
1418000000.0 -64.99199
1419000000.0 -64.98924
1420000000.0 -64.81602
1421000000.0 -64.76208
1422000000.0 -64.8137
1423000000.0 -64.71941
1424000000.0 -64.68822
1425000000.0 -64.69332
1426000000.0 -64.63571
1427000000.0 -64.76015
1428000000.0 -64.95547
1429000000.0 -64.99926
1430000000.0 -64.90191
1431000000.0 -64.74556
1432000000.0 -64.87302
1433000000.0 -64.82609
1434000000.0 -64.89143
1435000000.0 -64.79087
1436000000.0 -64.92387
1437000000.0 -65.04593
1438000000.0 -65.02908
1439000000.0 -64.97025
1440000000.0 -64.89722
1441000000.0 -65.0256
1442000000.0 -65.00769
1443000000.0 -65.01846
1444000000.0 -64.89373
1445000000.0 -64.84261
1446000000.0 -64.84546
1447000000.0 -64.72435
1448000000.0 -64.59378
1449000000.0 -64.7226
1450000000.0 -64.75322
1451000000.0 -64.75175
1452000000.0 -64.83918
1453000000.0 -64.85833
1454000000.0 -64.96715
1455000000.0 -64.91824
1456000000.0 -64.87005
1457000000.0 -65.05477
1458000000.0 -65.26302
1459000000.0 -65.28236
1460000000.0 -65.18122
1461000000.0 -65.13249
1462000000.0 -65.22021
1463000000.0 -65.33059
1464000000.0 -65.18639
1465000000.0 -65.0041
1466000000.0 -65.24249
1467000000.0 -65.25507
1468000000.0 -65.13978
1469000000.0 -65.00201
1470000000.0 -65.02118
1471000000.0 -65.13802
1472000000.0 -64.96346
1473000000.0 -64.87269
1474000000.0 -64.88503
1475000000.0 -64.98254
1476000000.0 -65.06755
1477000000.0 -64.91811
1478000000.0 -64.90092
1479000000.0 -65.13822
1480000000.0 -65.28806
1481000000.0 -65.07323
1482000000.0 -64.99181
1483000000.0 -65.23454
1484000000.0 -65.47522
1485000000.0 -65.35338
1486000000.0 -65.10499
1487000000.0 -65.02529
1488000000.0 -65.27422
1489000000.0 -65.35506
1490000000.0 -65.13165
1491000000.0 -64.91326
1492000000.0 -65.04872
1493000000.0 -65.31217
1494000000.0 -65.19608
1495000000.0 -64.90452
1496000000.0 -64.83919
1497000000.0 -64.92049
1498000000.0 -64.85015
1499000000.0 -64.84234
1500000000.0 -64.87495
1501000000.0 -65.0656
1502000000.0 -65.16949
1503000000.0 -65.0054
1504000000.0 -65.05058
1505000000.0 -65.29506
1506000000.0 -65.4721
1507000000.0 -65.43103
1508000000.0 -65.36854
1509000000.0 -65.56969
1510000000.0 -65.52065
1511000000.0 -65.43973
1512000000.0 -65.22412
1513000000.0 -65.20604
1514000000.0 -65.2574
1515000000.0 -65.23172
1516000000.0 -65.08209
1517000000.0 -65.10059
1518000000.0 -65.15904
1519000000.0 -65.28666
1520000000.0 -65.14739
1521000000.0 -65.19889
1522000000.0 -65.24243
1523000000.0 -65.36472
1524000000.0 -65.31359
1525000000.0 -65.26962
1526000000.0 -65.24135
1527000000.0 -65.22333
1528000000.0 -65.32763
1529000000.0 -65.38985
1530000000.0 -65.34192
1531000000.0 -65.57531
1532000000.0 -65.51123
1533000000.0 -65.54696
1534000000.0 -65.56144
1535000000.0 -65.6167
1536000000.0 -65.70438
1537000000.0 -65.66682
1538000000.0 -65.49895
1539000000.0 -65.44083
1540000000.0 -65.39128
1541000000.0 -65.24282
1542000000.0 -65.19791
1543000000.0 -65.209
1544000000.0 -65.23583
1545000000.0 -65.21703
1546000000.0 -65.19265
1547000000.0 -65.12257
1548000000.0 -65.18416
1549000000.0 -65.23328
1550000000.0 -65.32263
1551000000.0 -65.36506
1552000000.0 -65.49922
1553000000.0 -65.54476
1554000000.0 -65.64835
1555000000.0 -65.66639
1556000000.0 -65.84499
1557000000.0 -66.00532
1558000000.0 -66.02036
1559000000.0 -65.99963
1560000000.0 -65.89146
1561000000.0 -65.64322
1562000000.0 -65.55327
1563000000.0 -65.505
1564000000.0 -65.38017
1565000000.0 -65.20126
1566000000.0 -65.22839
1567000000.0 -65.13348
1568000000.0 -65.16229
1569000000.0 -65.21999
1570000000.0 -65.2697
1571000000.0 -65.33295
1572000000.0 -65.50143
1573000000.0 -65.49113
1574000000.0 -65.4914
1575000000.0 -65.35439
1576000000.0 -65.51057
1577000000.0 -65.48883
1578000000.0 -65.47201
1579000000.0 -65.50711
1580000000.0 -65.65288
1581000000.0 -65.74509
1582000000.0 -65.76006
1583000000.0 -65.77946
1584000000.0 -65.83163
1585000000.0 -65.81885
1586000000.0 -65.76093
1587000000.0 -65.61919
1588000000.0 -65.64749
1589000000.0 -65.59616
1590000000.0 -65.55827
1591000000.0 -65.52302
1592000000.0 -65.54319
1593000000.0 -65.65716
1594000000.0 -65.56736
1595000000.0 -65.48058
1596000000.0 -65.4549
1597000000.0 -65.72015
1598000000.0 -65.90679
1599000000.0 -66.00125
1600000000.0 -66.04947
1601000000.0 -66.18498
1602000000.0 -66.53289
1603000000.0 -66.34127
1604000000.0 -66.46857
1605000000.0 -66.55832
1606000000.0 -66.88775
1607000000.0 -66.83362
1608000000.0 -66.66692
1609000000.0 -66.52393
1610000000.0 -66.48863
1611000000.0 -66.43506
1612000000.0 -66.03696
1613000000.0 -65.68356
1614000000.0 -65.75004
1615000000.0 -65.86715
1616000000.0 -65.77728
1617000000.0 -65.58414
1618000000.0 -65.57158
1619000000.0 -65.76626
1620000000.0 -65.83836
1621000000.0 -65.89898
1622000000.0 -66.10548
1623000000.0 -66.35388
1624000000.0 -66.63008
1625000000.0 -66.43251
1626000000.0 -66.3264
1627000000.0 -66.40842
1628000000.0 -66.43663
1629000000.0 -66.32536
1630000000.0 -66.21513
1631000000.0 -66.23495
1632000000.0 -66.20361
1633000000.0 -66.01687
1634000000.0 -65.77107
1635000000.0 -65.82881
1636000000.0 -65.7767
1637000000.0 -65.66088
1638000000.0 -65.52455
1639000000.0 -65.41386
1640000000.0 -65.5461
1641000000.0 -65.56674
1642000000.0 -65.60047
1643000000.0 -65.67836
1644000000.0 -65.72403
1645000000.0 -65.78568
1646000000.0 -65.81611
1647000000.0 -65.9556
1648000000.0 -66.26057
1649000000.0 -66.32089
1650000000.0 -66.28488
1651000000.0 -66.41351
1652000000.0 -66.52962
1653000000.0 -66.72144
1654000000.0 -66.5131
1655000000.0 -66.4814
1656000000.0 -66.51505
1657000000.0 -66.56719
1658000000.0 -66.29289
1659000000.0 -66.21825
1660000000.0 -66.16015
1661000000.0 -66.09669
1662000000.0 -65.98947
1663000000.0 -65.82789
1664000000.0 -65.93127
1665000000.0 -66.01443
1666000000.0 -66.06672
1667000000.0 -65.98145
1668000000.0 -66.18571
1669000000.0 -66.51531
1670000000.0 -66.57521
1671000000.0 -66.54786
1672000000.0 -66.67279
1673000000.0 -66.91467
1674000000.0 -67.10584
1675000000.0 -66.97184
1676000000.0 -66.94325
1677000000.0 -67.07117
1678000000.0 -67.08624
1679000000.0 -66.92696
1680000000.0 -66.81544
1681000000.0 -66.83539
1682000000.0 -66.60255
1683000000.0 -66.42542
1684000000.0 -66.5051
1685000000.0 -66.46841
1686000000.0 -66.51584
1687000000.0 -66.2601
1688000000.0 -66.2919
1689000000.0 -66.36457
1690000000.0 -66.42288
1691000000.0 -66.41656
1692000000.0 -66.45914
1693000000.0 -66.63863
1694000000.0 -66.68639
1695000000.0 -66.76135
1696000000.0 -66.72813
1697000000.0 -66.70264
1698000000.0 -66.85587
1699000000.0 -67.04778
1700000000.0 -66.95037
1701000000.0 -66.88221
1702000000.0 -67.01029
1703000000.0 -67.1223
1704000000.0 -66.85412
1705000000.0 -66.72677
1706000000.0 -66.76539
1707000000.0 -66.80762
1708000000.0 -66.76105
1709000000.0 -66.60146
1710000000.0 -66.43645
1711000000.0 -66.43889
1712000000.0 -66.48557
1713000000.0 -66.39334
1714000000.0 -66.32362
1715000000.0 -66.36106
1716000000.0 -66.51357
1717000000.0 -66.62139
1718000000.0 -66.59793
1719000000.0 -66.77437
1720000000.0 -66.88279
1721000000.0 -66.91302
1722000000.0 -67.02509
1723000000.0 -67.1065
1724000000.0 -67.10543
1725000000.0 -67.29417
1726000000.0 -67.21882
1727000000.0 -67.2768
1728000000.0 -67.30842
1729000000.0 -67.13015
1730000000.0 -67.11106
1731000000.0 -67.06646
1732000000.0 -66.99348
1733000000.0 -67.0303
1734000000.0 -66.87575
1735000000.0 -66.7411
1736000000.0 -66.72606
1737000000.0 -66.69182
1738000000.0 -66.81863
1739000000.0 -66.76109
1740000000.0 -66.69093
1741000000.0 -66.91471
1742000000.0 -66.99149
1743000000.0 -67.18505
1744000000.0 -67.2005
1745000000.0 -67.31471
1746000000.0 -67.32494
1747000000.0 -67.37445
1748000000.0 -67.4662
1749000000.0 -67.49899
1750000000.0 -67.48848
1751000000.0 -67.36707
1752000000.0 -67.3737
1753000000.0 -67.34775
1754000000.0 -67.33916
1755000000.0 -67.14402
1756000000.0 -67.10574
1757000000.0 -67.16906
1758000000.0 -67.12961
1759000000.0 -66.99406
1760000000.0 -66.92076
1761000000.0 -67.0347
1762000000.0 -67.07706
1763000000.0 -67.00249
1764000000.0 -66.93862
1765000000.0 -66.95046
1766000000.0 -67.12926
1767000000.0 -67.39939
1768000000.0 -67.40079
1769000000.0 -67.34679
1770000000.0 -67.41185
1771000000.0 -67.63565
1772000000.0 -67.77353
1773000000.0 -67.77412
1774000000.0 -67.64517
1775000000.0 -67.79369
1776000000.0 -67.83251
1777000000.0 -67.65339
1778000000.0 -67.45958
1779000000.0 -67.51763
1780000000.0 -67.47296
1781000000.0 -67.42225
1782000000.0 -67.16767
1783000000.0 -67.17024
1784000000.0 -67.36623
1785000000.0 -67.28468
1786000000.0 -67.2066
1787000000.0 -67.15309
1788000000.0 -67.40839
1789000000.0 -67.59016
1790000000.0 -67.32524
1791000000.0 -67.46872
1792000000.0 -67.66274
1793000000.0 -67.85233
1794000000.0 -67.74919
1795000000.0 -67.81763
1796000000.0 -67.88666
1797000000.0 -68.16055
1798000000.0 -68.00233
1799000000.0 -67.89859
1800000000.0 -67.8016
1801000000.0 -67.84854
1802000000.0 -67.70261
1803000000.0 -67.49332
1804000000.0 -67.45211
1805000000.0 -67.46864
1806000000.0 -67.54166
1807000000.0 -67.29212
1808000000.0 -67.20274
1809000000.0 -67.22205
1810000000.0 -67.40434
1811000000.0 -67.37697
1812000000.0 -67.36039
1813000000.0 -67.36485
1814000000.0 -67.62427
1815000000.0 -67.74373
1816000000.0 -67.72346
1817000000.0 -67.7235
1818000000.0 -67.84219
1819000000.0 -67.90163
1820000000.0 -68.00058
1821000000.0 -67.96365
1822000000.0 -68.05444
1823000000.0 -68.19372
1824000000.0 -68.09081
1825000000.0 -67.96262
1826000000.0 -67.84241
1827000000.0 -67.81667
1828000000.0 -67.87761
1829000000.0 -67.81313
1830000000.0 -67.61395
1831000000.0 -67.43716
1832000000.0 -67.4584
1833000000.0 -67.58005
1834000000.0 -67.5883
1835000000.0 -67.62571
1836000000.0 -67.7366
1837000000.0 -67.94026
1838000000.0 -67.95523
1839000000.0 -67.98155
1840000000.0 -67.92033
1841000000.0 -67.94308
1842000000.0 -68.18822
1843000000.0 -68.1689
1844000000.0 -68.23962
1845000000.0 -68.24458
1846000000.0 -68.20898
1847000000.0 -68.11866
1848000000.0 -68.10657
1849000000.0 -68.12543
1850000000.0 -68.0864
1851000000.0 -67.9278
1852000000.0 -67.88805
1853000000.0 -67.93201
1854000000.0 -68.03102
1855000000.0 -67.75782
1856000000.0 -67.6487
1857000000.0 -67.78238
1858000000.0 -68.18486
1859000000.0 -68.12089
1860000000.0 -67.84322
1861000000.0 -67.97385
1862000000.0 -68.40868
1863000000.0 -68.55583
1864000000.0 -68.14861
1865000000.0 -68.0732
1866000000.0 -68.45811
1867000000.0 -68.91169
1868000000.0 -68.61475
1869000000.0 -68.2007
1870000000.0 -68.46134
1871000000.0 -68.96474
1872000000.0 -68.71264
1873000000.0 -68.09909
1874000000.0 -68.05636
1875000000.0 -68.43568
1876000000.0 -68.6165
1877000000.0 -68.05202
1878000000.0 -67.81833
1879000000.0 -68.21461
1880000000.0 -68.48433
1881000000.0 -68.19632
1882000000.0 -67.89719
1883000000.0 -68.03974
1884000000.0 -68.54054
1885000000.0 -68.59138
1886000000.0 -68.33412
1887000000.0 -68.56491
1888000000.0 -68.90978
1889000000.0 -68.926
1890000000.0 -68.6828
1891000000.0 -68.65779
1892000000.0 -68.89191
1893000000.0 -68.98485
1894000000.0 -68.88196
1895000000.0 -68.92125
1896000000.0 -68.8047
1897000000.0 -68.81129
1898000000.0 -68.68838
1899000000.0 -68.51358
1900000000.0 -68.63789
1901000000.0 -68.70686
1902000000.0 -68.61788
1903000000.0 -68.516
1904000000.0 -68.34753
1905000000.0 -68.64307
1906000000.0 -68.43547
1907000000.0 -68.57226
1908000000.0 -68.63701
1909000000.0 -68.83882
1910000000.0 -68.81184
1911000000.0 -68.94099
1912000000.0 -69.01473
1913000000.0 -69.22899
1914000000.0 -69.08801
1915000000.0 -69.07878
1916000000.0 -69.02744
1917000000.0 -69.17118
1918000000.0 -69.02945
1919000000.0 -68.94421
1920000000.0 -68.81903
1921000000.0 -68.96946
1922000000.0 -68.84553
1923000000.0 -68.49944
1924000000.0 -68.68424
1925000000.0 -68.74004
1926000000.0 -68.61355
1927000000.0 -68.36089
1928000000.0 -68.37576
1929000000.0 -68.55793
1930000000.0 -68.60252
1931000000.0 -68.72462
1932000000.0 -68.54087
1933000000.0 -68.74512
1934000000.0 -68.95871
1935000000.0 -69.00555
1936000000.0 -69.02737
1937000000.0 -69.18266
1938000000.0 -69.50726
1939000000.0 -69.5074
1940000000.0 -69.21132
1941000000.0 -69.11802
1942000000.0 -69.39814
1943000000.0 -69.53299
1944000000.0 -68.94899
1945000000.0 -68.94686
1946000000.0 -69.05737
1947000000.0 -69.13731
1948000000.0 -68.7738
1949000000.0 -68.49706
1950000000.0 -68.60293
1951000000.0 -68.91258
1952000000.0 -68.91026
1953000000.0 -68.55758
1954000000.0 -68.43831
1955000000.0 -68.90421
1956000000.0 -69.12592
1957000000.0 -68.91355
1958000000.0 -68.83681
1959000000.0 -69.183
1960000000.0 -69.57523
1961000000.0 -69.52111
1962000000.0 -69.39632
1963000000.0 -69.41572
1964000000.0 -69.74717
1965000000.0 -69.58408
1966000000.0 -69.44011
1967000000.0 -69.40143
1968000000.0 -69.58636
1969000000.0 -69.28143
1970000000.0 -69.1887
1971000000.0 -69.15418
1972000000.0 -69.09735
1973000000.0 -68.88535
1974000000.0 -68.87469
1975000000.0 -68.86254
1976000000.0 -69.17077
1977000000.0 -68.8061
1978000000.0 -68.7336
1979000000.0 -69.4849
1980000000.0 -69.90186
1981000000.0 -69.60818
1982000000.0 -69.06425
1983000000.0 -69.31857
1984000000.0 -69.85713
1985000000.0 -69.97929
1986000000.0 -69.43803
1987000000.0 -69.44339
1988000000.0 -70.05349
1989000000.0 -70.06044
1990000000.0 -69.29627
1991000000.0 -68.9469
1992000000.0 -69.61166
1993000000.0 -69.89862
1994000000.0 -69.40517
1995000000.0 -68.81738
1996000000.0 -69.21622
1997000000.0 -69.41602
1998000000.0 -69.07499
1999000000.0 -68.47581
2000000000.0 -68.70622
2001000000.0 -68.63573
2002000000.0 -69.28813
2003000000.0 -69.21107
2004000000.0 -68.81488
2005000000.0 -69.01458
2006000000.0 -69.50848
2007000000.0 -69.68644
2008000000.0 -68.94666
2009000000.0 -69.23608
2010000000.0 -70.00282
2011000000.0 -70.05423
2012000000.0 -69.59999
2013000000.0 -69.50977
2014000000.0 -70.11803
2015000000.0 -70.12308
2016000000.0 -69.32793
2017000000.0 -69.30044
2018000000.0 -69.72869
2019000000.0 -69.80926
2020000000.0 -69.08217
2021000000.0 -68.76601
2022000000.0 -69.13678
2023000000.0 -69.58018
2024000000.0 -68.67794
2025000000.0 -68.28671
2026000000.0 -68.77536
2027000000.0 -69.26341
2028000000.0 -69.07329
2029000000.0 -68.77113
2030000000.0 -69.20372
2031000000.0 -69.92557
2032000000.0 -69.95764
2033000000.0 -69.40426
2034000000.0 -69.5666
2035000000.0 -70.07352
2036000000.0 -69.82884
2037000000.0 -69.43522
2038000000.0 -69.6563
2039000000.0 -70.35767
2040000000.0 -69.84631
2041000000.0 -69.08817
2042000000.0 -69.44995
2043000000.0 -70.1016
2044000000.0 -69.61107
2045000000.0 -68.89696
2046000000.0 -68.82245
2047000000.0 -69.81548
2048000000.0 -69.48434
2049000000.0 -68.69759
2050000000.0 -68.42995
2051000000.0 -69.41757
2052000000.0 -69.89404
2053000000.0 -69.32886
2054000000.0 -68.99033
2055000000.0 -69.423
2056000000.0 -70.39262
2057000000.0 -70.05243
2058000000.0 -69.65015
2059000000.0 -70.21769
2060000000.0 -70.71592
2061000000.0 -70.55654
2062000000.0 -69.99011
2063000000.0 -70.35835
2064000000.0 -70.60997
2065000000.0 -70.04613
2066000000.0 -69.57632
2067000000.0 -69.75401
2068000000.0 -70.10905
2069000000.0 -69.8259
2070000000.0 -69.05708
2071000000.0 -69.31832
2072000000.0 -69.71209
2073000000.0 -69.36777
2074000000.0 -68.79129
2075000000.0 -69.03049
2076000000.0 -69.74245
2077000000.0 -69.92921
2078000000.0 -69.18729
2079000000.0 -69.44799
2080000000.0 -70.21201
2081000000.0 -70.66248
2082000000.0 -70.39101
2083000000.0 -70.48206
2084000000.0 -70.98496
2085000000.0 -71.05901
2086000000.0 -70.25796
2087000000.0 -70.09405
2088000000.0 -70.58923
2089000000.0 -70.49993
2090000000.0 -69.93015
2091000000.0 -69.57887
2092000000.0 -69.9488
2093000000.0 -69.9556
2094000000.0 -69.25542
2095000000.0 -68.95061
2096000000.0 -69.50978
2097000000.0 -69.84135
2098000000.0 -69.42166
2099000000.0 -69.09474
2100000000.0 -69.55569
2101000000.0 -70.05434
2102000000.0 -69.73493
2103000000.0 -69.60211
2104000000.0 -69.82629
2105000000.0 -70.62791
2106000000.0 -70.50019
2107000000.0 -70.20391
2108000000.0 -70.63488
2109000000.0 -71.00289
2110000000.0 -70.82861
2111000000.0 -70.14104
2112000000.0 -70.20353
2113000000.0 -70.81564
2114000000.0 -70.23532
2115000000.0 -69.67171
2116000000.0 -69.59003
2117000000.0 -70.04711
2118000000.0 -69.79955
2119000000.0 -69.35201
2120000000.0 -69.18727
2121000000.0 -69.53607
2122000000.0 -69.76176
2123000000.0 -69.41769
2124000000.0 -69.52187
2125000000.0 -69.7144
2126000000.0 -69.86369
2127000000.0 -69.79384
2128000000.0 -69.86401
2129000000.0 -70.2705
2130000000.0 -70.92159
2131000000.0 -70.705
2132000000.0 -70.7785
2133000000.0 -71.21484
2134000000.0 -71.0217
2135000000.0 -70.73936
2136000000.0 -70.63902
2137000000.0 -70.79459
2138000000.0 -70.54345
2139000000.0 -70.11983
2140000000.0 -70.19943
2141000000.0 -70.41375
2142000000.0 -70.15781
2143000000.0 -69.504
2144000000.0 -69.64226
2145000000.0 -69.85824
2146000000.0 -69.92772
2147000000.0 -69.62833
2148000000.0 -69.68669
2149000000.0 -70.27518
2150000000.0 -70.73284
2151000000.0 -69.99613
2152000000.0 -69.7093
2153000000.0 -70.4717
2154000000.0 -71.30543
2155000000.0 -70.8223
2156000000.0 -70.36891
2157000000.0 -70.82582
2158000000.0 -71.38641
2159000000.0 -71.02824
2160000000.0 -70.34986
2161000000.0 -70.62156
2162000000.0 -71.16856
2163000000.0 -70.68514
2164000000.0 -69.90791
2165000000.0 -69.81254
2166000000.0 -70.19473
2167000000.0 -70.15961
2168000000.0 -69.62622
2169000000.0 -69.36798
2170000000.0 -69.70749
2171000000.0 -69.98067
2172000000.0 -69.52149
2173000000.0 -69.44682
2174000000.0 -69.8444
2175000000.0 -70.36507
2176000000.0 -70.17451
2177000000.0 -70.18671
2178000000.0 -70.59766
2179000000.0 -70.68629
2180000000.0 -70.67101
2181000000.0 -70.41461
2182000000.0 -71.15426
2183000000.0 -71.05988
2184000000.0 -70.76901
2185000000.0 -70.62595
2186000000.0 -70.99835
2187000000.0 -70.73636
2188000000.0 -70.03094
2189000000.0 -69.96803
2190000000.0 -70.2834
2191000000.0 -70.50273
2192000000.0 -69.77135
2193000000.0 -69.39244
2194000000.0 -69.74668
2195000000.0 -70.32114
2196000000.0 -70.14864
2197000000.0 -69.67067
2198000000.0 -69.79964
2199000000.0 -70.32919
2200000000.0 -70.61053
2201000000.0 -70.21848
2202000000.0 -70.46604
2203000000.0 -70.99594
2204000000.0 -71.134
2205000000.0 -70.88956
2206000000.0 -70.8775
2207000000.0 -71.25191
2208000000.0 -71.2567
2209000000.0 -70.7651
2210000000.0 -70.92361
2211000000.0 -71.25059
2212000000.0 -70.98737
2213000000.0 -70.48995
2214000000.0 -70.31779
2215000000.0 -70.60207
2216000000.0 -70.49217
2217000000.0 -69.95321
2218000000.0 -70.06197
2219000000.0 -70.32655
2220000000.0 -70.48757
2221000000.0 -70.29301
2222000000.0 -70.04135
2223000000.0 -70.37694
2224000000.0 -70.83932
2225000000.0 -70.62943
2226000000.0 -70.70033
2227000000.0 -71.04333
2228000000.0 -71.45047
2229000000.0 -71.05426
2230000000.0 -70.91708
2231000000.0 -71.28785
2232000000.0 -71.43159
2233000000.0 -71.15322
2234000000.0 -70.70012
2235000000.0 -70.87117
2236000000.0 -71.11559
2237000000.0 -70.57846
2238000000.0 -70.25072
2239000000.0 -70.34465
2240000000.0 -70.61553
2241000000.0 -70.37885
2242000000.0 -69.95337
2243000000.0 -69.92868
2244000000.0 -70.41127
2245000000.0 -70.51532
2246000000.0 -70.05087
2247000000.0 -69.99487
2248000000.0 -70.65388
2249000000.0 -70.86523
2250000000.0 -70.53722
2251000000.0 -70.36623
2252000000.0 -71.17155
2253000000.0 -71.3708
2254000000.0 -71.10931
2255000000.0 -71.0202
2256000000.0 -71.28621
2257000000.0 -71.4617
2258000000.0 -71.1038
2259000000.0 -70.64717
2260000000.0 -70.96468
2261000000.0 -71.24023
2262000000.0 -70.71284
2263000000.0 -70.36046
2264000000.0 -70.47877
2265000000.0 -70.78445
2266000000.0 -70.65089
2267000000.0 -70.05624
2268000000.0 -70.17342
2269000000.0 -70.65092
2270000000.0 -70.81044
2271000000.0 -70.56007
2272000000.0 -70.52866
2273000000.0 -70.95219
2274000000.0 -71.25681
2275000000.0 -71.13588
2276000000.0 -71.11478
2277000000.0 -71.18988
2278000000.0 -71.67243
2279000000.0 -71.37039
2280000000.0 -71.10794
2281000000.0 -71.1305
2282000000.0 -71.31637
2283000000.0 -71.20798
2284000000.0 -70.99884
2285000000.0 -70.61792
2286000000.0 -70.69582
2287000000.0 -70.75668
2288000000.0 -70.69771
2289000000.0 -70.79639
2290000000.0 -70.78778
2291000000.0 -70.57051
2292000000.0 -70.70905
2293000000.0 -70.65916
2294000000.0 -70.63071
2295000000.0 -70.55938
2296000000.0 -70.9054
2297000000.0 -71.06341
2298000000.0 -71.13989
2299000000.0 -71.07582
2300000000.0 -71.46734
2301000000.0 -71.56049
2302000000.0 -71.41019
2303000000.0 -71.14092
2304000000.0 -71.09812
2305000000.0 -71.52751
2306000000.0 -71.37621
2307000000.0 -71.00931
2308000000.0 -70.68205
2309000000.0 -71.21425
2310000000.0 -71.26538
2311000000.0 -70.78686
2312000000.0 -70.36729
2313000000.0 -70.82563
2314000000.0 -71.10469
2315000000.0 -70.92137
2316000000.0 -70.23592
2317000000.0 -70.5433
2318000000.0 -71.13089
2319000000.0 -71.1435
2320000000.0 -70.61322
2321000000.0 -70.60822
2322000000.0 -71.28194
2323000000.0 -71.88095
2324000000.0 -71.33563
2325000000.0 -71.05714
2326000000.0 -71.53596
2327000000.0 -71.98959
2328000000.0 -71.56439
2329000000.0 -71.00392
2330000000.0 -71.25258
2331000000.0 -71.84202
2332000000.0 -71.5592
2333000000.0 -70.76818
2334000000.0 -70.97387
2335000000.0 -71.2309
2336000000.0 -71.13647
2337000000.0 -70.76728
2338000000.0 -70.63252
2339000000.0 -71.10704
2340000000.0 -71.43243
2341000000.0 -70.98357
2342000000.0 -70.82158
2343000000.0 -71.356
2344000000.0 -71.45161
2345000000.0 -71.23464
2346000000.0 -70.98357
2347000000.0 -71.94235
2348000000.0 -71.84712
2349000000.0 -71.17586
2350000000.0 -71.30609
2351000000.0 -71.88578
2352000000.0 -71.97113
2353000000.0 -71.41705
2354000000.0 -70.9024
2355000000.0 -71.58549
2356000000.0 -71.74403
2357000000.0 -71.07292
2358000000.0 -70.68478
2359000000.0 -71.28782
2360000000.0 -71.80148
2361000000.0 -70.93583
2362000000.0 -70.42655
2363000000.0 -70.8084
2364000000.0 -71.69305
2365000000.0 -71.105
2366000000.0 -70.3541
2367000000.0 -70.65624
2368000000.0 -71.79552
2369000000.0 -71.92323
2370000000.0 -70.60364
2371000000.0 -70.66614
2372000000.0 -71.7141
2373000000.0 -72.09422
2374000000.0 -71.19669
2375000000.0 -70.94524
2376000000.0 -71.8097
2377000000.0 -72.31363
2378000000.0 -71.17007
2379000000.0 -70.78677
2380000000.0 -71.51176
2381000000.0 -72.02071
2382000000.0 -70.92423
2383000000.0 -70.3467
2384000000.0 -71.05785
2385000000.0 -72.00925
2386000000.0 -71.20387
2387000000.0 -70.43451
2388000000.0 -70.78437
2389000000.0 -71.71136
2390000000.0 -71.62003
2391000000.0 -70.6852
2392000000.0 -71.08311
2393000000.0 -71.84698
2394000000.0 -71.85238
2395000000.0 -70.86333
2396000000.0 -71.29284
2397000000.0 -72.06007
2398000000.0 -71.94545
2399000000.0 -71.39339
2400000000.0 -71.44633
2401000000.0 -72.00048
2402000000.0 -72.13664
2403000000.0 -71.31329
2404000000.0 -71.33028
2405000000.0 -71.73933
2406000000.0 -71.59531
2407000000.0 -71.08986
2408000000.0 -70.77751
2409000000.0 -71.51166
2410000000.0 -71.73643
2411000000.0 -70.9322
2412000000.0 -70.52117
2413000000.0 -71.55293
2414000000.0 -72.04778
2415000000.0 -71.28897
2416000000.0 -70.81322
2417000000.0 -71.42145
2418000000.0 -72.06585
2419000000.0 -71.73253
2420000000.0 -71.12805
2421000000.0 -71.63504
2422000000.0 -72.15717
2423000000.0 -71.84617
2424000000.0 -71.12695
2425000000.0 -71.5414
2426000000.0 -72.15865
2427000000.0 -71.62724
2428000000.0 -70.89655
2429000000.0 -71.27592
2430000000.0 -71.97021
2431000000.0 -71.54215
2432000000.0 -70.42326
2433000000.0 -70.83368
2434000000.0 -71.921
2435000000.0 -71.5756
2436000000.0 -70.54581
2437000000.0 -70.57273
2438000000.0 -71.66859
2439000000.0 -71.90654
2440000000.0 -70.69099
2441000000.0 -70.35841
2442000000.0 -71.45003
2443000000.0 -72.50673
2444000000.0 -71.50951
2445000000.0 -70.77179
2446000000.0 -71.47526
2447000000.0 -72.44995
2448000000.0 -71.82252
2449000000.0 -70.88306
2450000000.0 -71.23845
2451000000.0 -72.16457
2452000000.0 -71.87099
2453000000.0 -71.32603
2454000000.0 -71.17798
2455000000.0 -71.79492
2456000000.0 -71.69416
2457000000.0 -71.02338
2458000000.0 -71.02682
2459000000.0 -71.67097
2460000000.0 -71.75348
2461000000.0 -71.16864
2462000000.0 -71.37038
2463000000.0 -71.74998
2464000000.0 -71.81528
2465000000.0 -71.12326
2466000000.0 -71.02541
2467000000.0 -71.76031
2468000000.0 -72.15325
2469000000.0 -71.50003
2470000000.0 -71.20045
2471000000.0 -71.73788
2472000000.0 -71.96616
2473000000.0 -71.27246
2474000000.0 -70.92451
2475000000.0 -71.1275
2476000000.0 -71.92684
2477000000.0 -71.58411
2478000000.0 -71.25926
2479000000.0 -71.21216
2480000000.0 -71.64596
2481000000.0 -71.58488
2482000000.0 -71.20947
2483000000.0 -71.01885
2484000000.0 -71.1208
2485000000.0 -71.50761
2486000000.0 -71.33932
2487000000.0 -71.57478
2488000000.0 -71.50578
2489000000.0 -71.70448
2490000000.0 -71.39898
2491000000.0 -71.47472
2492000000.0 -71.66801
2493000000.0 -71.46812
2494000000.0 -71.33867
2495000000.0 -71.60152
2496000000.0 -71.96761
2497000000.0 -71.96545
2498000000.0 -71.46381
2499000000.0 -71.47179
2500000000.0 -72.04412
2501000000.0 -71.97874
2502000000.0 -71.22841
2503000000.0 -71.04738
2504000000.0 -71.58817
2505000000.0 -72.06758
2506000000.0 -71.51326
2507000000.0 -71.07852
2508000000.0 -71.22005
2509000000.0 -71.79494
2510000000.0 -71.81979
2511000000.0 -71.23119
2512000000.0 -71.29443
2513000000.0 -71.93993
2514000000.0 -71.95937
2515000000.0 -71.67892
2516000000.0 -71.5077
2517000000.0 -71.65881
2518000000.0 -71.84929
2519000000.0 -71.61346
2520000000.0 -71.61033
2521000000.0 -71.85744
2522000000.0 -72.09988
2523000000.0 -72.12724
2524000000.0 -72.0161
2525000000.0 -71.74368
2526000000.0 -71.88748
2527000000.0 -71.95356
2528000000.0 -71.64399
2529000000.0 -71.5013
2530000000.0 -71.47016
2531000000.0 -71.71595
2532000000.0 -71.79552
2533000000.0 -71.77664
2534000000.0 -71.49189
2535000000.0 -71.64137
2536000000.0 -72.05061
2537000000.0 -71.94168
2538000000.0 -71.71108
2539000000.0 -71.43646
2540000000.0 -72.04908
2541000000.0 -72.35592
2542000000.0 -71.94194
2543000000.0 -71.08333
2544000000.0 -71.42889
2545000000.0 -72.38947
2546000000.0 -72.41446
2547000000.0 -71.30328
2548000000.0 -71.21802
2549000000.0 -71.96059
2550000000.0 -72.71818
2551000000.0 -71.45444
2552000000.0 -70.74922
2553000000.0 -71.35699
2554000000.0 -72.42397
2555000000.0 -71.94814
2556000000.0 -70.9669
2557000000.0 -71.02503
2558000000.0 -72.16125
2559000000.0 -72.45821
2560000000.0 -71.37696
2561000000.0 -71.06835
2562000000.0 -71.9782
2563000000.0 -72.81557
2564000000.0 -71.70976
2565000000.0 -71.13403
2566000000.0 -72.01213
2567000000.0 -72.83411
2568000000.0 -72.04588
2569000000.0 -71.19311
2570000000.0 -71.70116
2571000000.0 -72.74625
2572000000.0 -72.21848
2573000000.0 -71.3327
2574000000.0 -71.75844
2575000000.0 -72.5762
2576000000.0 -72.21918
2577000000.0 -71.41682
2578000000.0 -71.33969
2579000000.0 -72.39208
2580000000.0 -72.46015
2581000000.0 -71.46591
2582000000.0 -71.37757
2583000000.0 -72.51588
2584000000.0 -72.7672
2585000000.0 -71.3512
2586000000.0 -71.20364
2587000000.0 -72.52695
2588000000.0 -72.91794
2589000000.0 -71.51585
2590000000.0 -71.10976
2591000000.0 -72.13153
2592000000.0 -72.92665
2593000000.0 -71.85205
2594000000.0 -70.71344
2595000000.0 -71.42015
2596000000.0 -73.03281
2597000000.0 -72.08456
2598000000.0 -71.13845
2599000000.0 -71.77126
2600000000.0 -72.97483
2601000000.0 -72.01078
2602000000.0 -71.19613
2603000000.0 -71.63762
2604000000.0 -72.82792
2605000000.0 -72.24535
2606000000.0 -70.99062
2607000000.0 -71.37257
2608000000.0 -72.82497
2609000000.0 -72.42025
2610000000.0 -71.00243
2611000000.0 -71.06539
2612000000.0 -72.8365
2613000000.0 -73.19887
2614000000.0 -71.50604
2615000000.0 -70.71825
2616000000.0 -71.95602
2617000000.0 -73.22013
2618000000.0 -72.04806
2619000000.0 -71.18621
2620000000.0 -71.7254
2621000000.0 -73.13704
2622000000.0 -72.52082
2623000000.0 -71.50008
2624000000.0 -71.95691
2625000000.0 -73.1309
2626000000.0 -72.46027
2627000000.0 -71.83254
2628000000.0 -71.90885
2629000000.0 -73.17572
2630000000.0 -72.55337
2631000000.0 -71.69666
2632000000.0 -71.98289
2633000000.0 -73.03085
2634000000.0 -72.74117
2635000000.0 -71.65475
2636000000.0 -72.01628
2637000000.0 -72.9354
2638000000.0 -72.88068
2639000000.0 -71.90638
2640000000.0 -71.99837
2641000000.0 -73.13214
2642000000.0 -72.99046
2643000000.0 -71.86728
2644000000.0 -72.02703
2645000000.0 -72.96307
2646000000.0 -73.15414
2647000000.0 -72.5038
2648000000.0 -72.31135
2649000000.0 -73.23297
2650000000.0 -73.09937
2651000000.0 -72.35535
2652000000.0 -72.34486
2653000000.0 -73.1061
2654000000.0 -73.18633
2655000000.0 -72.42452
2656000000.0 -72.5078
2657000000.0 -73.18148
2658000000.0 -73.08175
2659000000.0 -72.15643
2660000000.0 -71.92557
2661000000.0 -72.80695
2662000000.0 -73.27922
2663000000.0 -72.12459
2664000000.0 -71.92459
2665000000.0 -72.63402
2666000000.0 -73.52308
2667000000.0 -72.68257
2668000000.0 -72.2877
2669000000.0 -72.70693
2670000000.0 -73.75935
2671000000.0 -73.07281
2672000000.0 -72.26022
2673000000.0 -72.77079
2674000000.0 -73.5851
2675000000.0 -73.10648
2676000000.0 -72.59705
2677000000.0 -73.04423
2678000000.0 -73.4285
2679000000.0 -73.13876
2680000000.0 -72.41292
2681000000.0 -72.68776
2682000000.0 -73.46194
2683000000.0 -73.08298
2684000000.0 -72.30016
2685000000.0 -72.70689
2686000000.0 -73.47463
2687000000.0 -73.352
2688000000.0 -72.25156
2689000000.0 -72.30255
2690000000.0 -73.48097
2691000000.0 -73.49374
2692000000.0 -72.38869
2693000000.0 -72.23982
2694000000.0 -73.27465
2695000000.0 -73.49831
2696000000.0 -72.92097
2697000000.0 -72.3227
2698000000.0 -73.06796
2699000000.0 -73.69324
2700000000.0 -73.01344
2701000000.0 -72.32359
2702000000.0 -73.37424
2703000000.0 -73.77932
2704000000.0 -73.23943
2705000000.0 -72.37684
2706000000.0 -73.43195
2707000000.0 -74.22321
2708000000.0 -73.26937
2709000000.0 -72.56329
2710000000.0 -72.95422
2711000000.0 -73.98713
2712000000.0 -73.46519
2713000000.0 -72.47856
2714000000.0 -72.47213
2715000000.0 -73.56833
2716000000.0 -74.25955
2717000000.0 -72.96172
2718000000.0 -72.69106
2719000000.0 -73.81862
2720000000.0 -74.14052
2721000000.0 -73.19883
2722000000.0 -72.67339
2723000000.0 -73.14291
2724000000.0 -73.65143
2725000000.0 -73.53751
2726000000.0 -72.85115
2727000000.0 -73.23008
2728000000.0 -74.10746
2729000000.0 -73.89526
2730000000.0 -73.23188
2731000000.0 -73.47769
2732000000.0 -74.64741
2733000000.0 -74.48975
2734000000.0 -73.85725
2735000000.0 -73.5322
2736000000.0 -74.49935
2737000000.0 -74.42515
2738000000.0 -74.21272
2739000000.0 -73.38345
2740000000.0 -73.53625
2741000000.0 -74.36912
2742000000.0 -74.26808
2743000000.0 -73.70462
2744000000.0 -73.49408
2745000000.0 -73.65339
2746000000.0 -74.13785
2747000000.0 -73.75706
2748000000.0 -73.5209
2749000000.0 -73.85385
2750000000.0 -74.43701
2751000000.0 -74.0872
2752000000.0 -73.48801
2753000000.0 -73.96677
2754000000.0 -74.31895
2755000000.0 -74.38365
2756000000.0 -73.82336
2757000000.0 -73.54342
2758000000.0 -74.51617
2759000000.0 -74.64942
2760000000.0 -74.26397
2761000000.0 -73.74552
2762000000.0 -74.15102
2763000000.0 -74.59394
2764000000.0 -74.03603
2765000000.0 -73.45003
2766000000.0 -73.62515
2767000000.0 -74.29414
2768000000.0 -73.85835
2769000000.0 -73.342
2770000000.0 -73.81721
2771000000.0 -74.24709
2772000000.0 -74.06801
2773000000.0 -73.51185
2774000000.0 -73.86153
2775000000.0 -74.5406
2776000000.0 -73.9034
2777000000.0 -73.31642
2778000000.0 -73.98537
2779000000.0 -74.65218
2780000000.0 -74.09325
2781000000.0 -73.07571
2782000000.0 -73.69339
2783000000.0 -74.90588
2784000000.0 -73.88729
2785000000.0 -72.20573
2786000000.0 -72.08002
2787000000.0 -73.55706
2788000000.0 -74.34846
2789000000.0 -72.31726
2790000000.0 -71.45464
2791000000.0 -72.26744
2792000000.0 -73.50075
2793000000.0 -72.66106
2794000000.0 -71.43706
2795000000.0 -71.93587
2796000000.0 -73.46703
2797000000.0 -73.47222
2798000000.0 -71.95953
2799000000.0 -71.99213
2800000000.0 -73.61494
2801000000.0 -73.92428
2802000000.0 -72.20696
2803000000.0 -71.61571
2804000000.0 -73.39561
2805000000.0 -74.94031
2806000000.0 -73.44746
2807000000.0 -72.05814
2808000000.0 -73.0826
2809000000.0 -74.7132
2810000000.0 -73.75193
2811000000.0 -72.33494
2812000000.0 -72.83695
2813000000.0 -74.5421
2814000000.0 -73.98856
2815000000.0 -72.31857
2816000000.0 -72.20755
2817000000.0 -73.56627
2818000000.0 -74.19709
2819000000.0 -72.64572
2820000000.0 -72.50573
2821000000.0 -74.17385
2822000000.0 -74.47086
2823000000.0 -72.8418
2824000000.0 -72.58339
2825000000.0 -73.44837
2826000000.0 -74.62697
2827000000.0 -73.68807
2828000000.0 -72.7836
2829000000.0 -73.80809
2830000000.0 -75.21111
2831000000.0 -73.97074
2832000000.0 -72.68674
2833000000.0 -73.1913
2834000000.0 -74.24505
2835000000.0 -74.77399
2836000000.0 -73.46481
2837000000.0 -73.50035
2838000000.0 -74.21848
2839000000.0 -74.33549
2840000000.0 -73.58959
2841000000.0 -73.00846
2842000000.0 -73.83847
2843000000.0 -74.62254
2844000000.0 -74.07611
2845000000.0 -73.44044
2846000000.0 -74.22865
2847000000.0 -74.83409
2848000000.0 -74.30233
2849000000.0 -73.15919
2850000000.0 -73.6478
2851000000.0 -74.87339
2852000000.0 -74.96655
2853000000.0 -74.12064
2854000000.0 -74.29046
2855000000.0 -75.1239
2856000000.0 -75.21472
2857000000.0 -74.05843
2858000000.0 -73.52094
2859000000.0 -74.29773
2860000000.0 -74.83569
2861000000.0 -74.35628
2862000000.0 -73.87433
2863000000.0 -73.8672
2864000000.0 -74.69808
2865000000.0 -75.11787
2866000000.0 -74.3096
2867000000.0 -73.88228
2868000000.0 -74.49819
2869000000.0 -75.00881
2870000000.0 -74.38897
2871000000.0 -73.89578
2872000000.0 -74.18678
2873000000.0 -75.32201
2874000000.0 -74.9139
2875000000.0 -73.77378
2876000000.0 -74.31349
2877000000.0 -75.12756
2878000000.0 -75.26229
2879000000.0 -74.73172
2880000000.0 -74.53561
2881000000.0 -74.84531
2882000000.0 -75.43162
2883000000.0 -74.85876
2884000000.0 -74.56536
2885000000.0 -74.94786
2886000000.0 -75.39638
2887000000.0 -74.75516
2888000000.0 -74.31181
2889000000.0 -74.88593
2890000000.0 -75.51859
2891000000.0 -74.46465
2892000000.0 -74.19878
2893000000.0 -74.61769
2894000000.0 -75.52541
2895000000.0 -74.67797
2896000000.0 -73.83618
2897000000.0 -74.42876
2898000000.0 -75.64002
2899000000.0 -75.15469
2900000000.0 -73.2952
2901000000.0 -73.6692
2902000000.0 -75.62635
2903000000.0 -75.82275
2904000000.0 -73.58904
2905000000.0 -72.69872
2906000000.0 -74.17164
2907000000.0 -75.63904
2908000000.0 -73.97398
2909000000.0 -72.34028
2910000000.0 -72.57401
2911000000.0 -74.28116
2912000000.0 -74.12325
2913000000.0 -72.03866
2914000000.0 -72.15428
2915000000.0 -74.04224
2916000000.0 -74.48345
2917000000.0 -72.89187
2918000000.0 -72.50796
2919000000.0 -73.94987
2920000000.0 -75.14379
2921000000.0 -73.53896
2922000000.0 -72.1303
2923000000.0 -73.91277
2924000000.0 -75.88808
2925000000.0 -74.63477
2926000000.0 -72.87502
2927000000.0 -73.7808
2928000000.0 -75.67523
2929000000.0 -74.87313
2930000000.0 -73.04578
2931000000.0 -73.52359
2932000000.0 -75.30589
2933000000.0 -75.00945
2934000000.0 -73.19301
2935000000.0 -73.31573
2936000000.0 -74.60209
2937000000.0 -74.67097
2938000000.0 -73.09405
2939000000.0 -73.09875
2940000000.0 -74.70665
2941000000.0 -75.13591
2942000000.0 -73.21132
2943000000.0 -72.872
2944000000.0 -74.55873
2945000000.0 -75.58079
2946000000.0 -73.41243
2947000000.0 -72.49864
2948000000.0 -73.82977
2949000000.0 -76.39679
2950000000.0 -74.3748
2951000000.0 -72.88408
2952000000.0 -73.40635
2953000000.0 -75.4258
2954000000.0 -75.25909
2955000000.0 -73.79552
2956000000.0 -74.14558
2957000000.0 -75.55155
2958000000.0 -75.18951
2959000000.0 -73.53987
2960000000.0 -73.4274
2961000000.0 -74.894
2962000000.0 -75.00228
2963000000.0 -73.82439
2964000000.0 -73.92725
2965000000.0 -75.59711
2966000000.0 -75.25548
2967000000.0 -73.60959
2968000000.0 -73.46924
2969000000.0 -75.09975
2970000000.0 -76.1815
2971000000.0 -74.80968
2972000000.0 -74.28647
2973000000.0 -75.72129
2974000000.0 -76.46679
2975000000.0 -74.48668
2976000000.0 -73.6867
2977000000.0 -74.87484
2978000000.0 -76.49372
2979000000.0 -75.30455
2980000000.0 -74.19077
2981000000.0 -75.02455
2982000000.0 -75.9974
2983000000.0 -74.56829
2984000000.0 -73.69042
2985000000.0 -74.60569
2986000000.0 -75.78165
2987000000.0 -74.32806
2988000000.0 -73.75804
2989000000.0 -74.68263
2990000000.0 -75.68883
2991000000.0 -73.68187
2992000000.0 -72.64962
2993000000.0 -73.51735
2994000000.0 -76.14432
2995000000.0 -75.24789
2996000000.0 -72.97153
2997000000.0 -73.05451
2998000000.0 -75.38332
2999000000.0 -75.41537
3000000000.0 -73.07428
