400000000.0 -14.37853
410000000.0 -6.52837
420000000.0 -12.48101
430000000.0 -5.092552
440000000.0 -13.34486
450000000.0 -14.11864
460000000.0 -12.8751
470000000.0 -14.96967
480000000.0 -15.87229
490000000.0 -20.78568
500000000.0 -18.83865
510000000.0 -19.48764
520000000.0 -16.32885
530000000.0 -15.64976
540000000.0 -16.86884
550000000.0 -19.13287
560000000.0 -17.38397
570000000.0 -17.6962
580000000.0 -18.3067
590000000.0 -18.44515
600000000.0 -19.41444
610000000.0 -19.26074
620000000.0 -17.33572
630000000.0 -20.29702
640000000.0 -17.69501
650000000.0 -19.08192
660000000.0 -17.44738
670000000.0 -18.27942
680000000.0 -18.04193
690000000.0 -18.89616
700000000.0 -18.52058
710000000.0 -18.05127
720000000.0 -18.36903
730000000.0 -16.98917
740000000.0 -18.44693
750000000.0 -15.09138
760000000.0 -15.98819
770000000.0 -17.32708
780000000.0 -16.11244
790000000.0 -18.02935
800000000.0 -16.10097
810000000.0 -17.54083
820000000.0 -18.51242
830000000.0 -18.53926
840000000.0 -18.07907
850000000.0 -16.36068
860000000.0 -17.76257
870000000.0 -16.90121
880000000.0 -17.46289
890000000.0 -19.31773
900000000.0 -18.19307
910000000.0 -18.07952
920000000.0 -14.9463
930000000.0 -17.43008
940000000.0 -16.09616
950000000.0 -14.02302
960000000.0 -16.45947
970000000.0 -16.72918
980000000.0 -15.31617
990000000.0 -14.95659
1000000000.0 -14.64345
1010000000.0 -15.12233
1020000000.0 -15.51742
1030000000.0 -14.49635
1040000000.0 -17.17213
1050000000.0 -16.77337
1060000000.0 -14.79478
1070000000.0 -14.83276
1080000000.0 -14.63917
1090000000.0 -14.71327
1100000000.0 -13.32629
1110000000.0 -11.06728
1120000000.0 -13.35118
1130000000.0 -12.73002
1140000000.0 -14.67619
1150000000.0 -12.4174
1160000000.0 -15.70452
1170000000.0 -14.84157
1180000000.0 -14.11699
1190000000.0 -12.64043
1200000000.0 -13.61952
1210000000.0 -11.33933
1220000000.0 -13.45175
1230000000.0 -13.08877
1240000000.0 -13.387
1250000000.0 -12.89265
1260000000.0 -10.91307
1270000000.0 -10.8896
1280000000.0 -10.24794
1290000000.0 -10.60509
1300000000.0 -9.667538
1310000000.0 -12.05328
1320000000.0 -11.501
1330000000.0 -11.00234
1340000000.0 -10.15252
1350000000.0 -13.30317
1360000000.0 -9.264271
1370000000.0 -11.4352
1380000000.0 -12.752
1390000000.0 -11.66787
1400000000.0 -11.7941
1410000000.0 -12.6703
1420000000.0 -11.92902
1430000000.0 -12.51074
1440000000.0 -11.72396
1450000000.0 -11.8272
1460000000.0 -13.19601
1470000000.0 -11.41832
1480000000.0 -11.68701
1490000000.0 -12.99703
1500000000.0 -12.13781
1510000000.0 -10.16375
1520000000.0 -12.75916
1530000000.0 -10.76441
1540000000.0 -14.24213
1550000000.0 -13.16043
1560000000.0 -13.48078
1570000000.0 -14.39061
1580000000.0 -11.93509
1590000000.0 -12.64721
1600000000.0 -11.2256
1610000000.0 -9.991978
1620000000.0 -13.5163
1630000000.0 -12.43134
1640000000.0 -10.73781
1650000000.0 -12.45905
1660000000.0 -11.43164
1670000000.0 -10.08482
1680000000.0 -11.57013
1690000000.0 -12.63985
1700000000.0 -11.41716
1710000000.0 -11.1568
1720000000.0 -10.8523
1730000000.0 -9.329678
1740000000.0 -10.27275
1750000000.0 -11.65485
1760000000.0 -11.44392
1770000000.0 -13.42176
1780000000.0 -11.38907
1790000000.0 -9.852779
1800000000.0 -9.732605
1810000000.0 -12.26612
1820000000.0 -9.916748
1830000000.0 -8.520527
1840000000.0 -9.696548
1850000000.0 -10.83364
1860000000.0 -8.793404
1870000000.0 -8.56575
1880000000.0 -10.03996
1890000000.0 -9.729279
1900000000.0 -9.014458
1910000000.0 -7.757374
1920000000.0 -8.892433
1930000000.0 -8.591469
1940000000.0 -9.858292
1950000000.0 -10.5276
1960000000.0 -9.449631
1970000000.0 -8.062405
1980000000.0 -8.020428
1990000000.0 -8.101204
2000000000.0 -10.00185
2010000000.0 -7.09211
2020000000.0 -8.702492
2030000000.0 -9.343929
2040000000.0 -7.472363
2050000000.0 -7.214378
2060000000.0 -9.996895
2070000000.0 -9.110779
2080000000.0 -7.149452
2090000000.0 -7.084301
2100000000.0 -8.434441
2110000000.0 -9.254318
2120000000.0 -7.520962
2130000000.0 -5.299473
2140000000.0 -7.692333
2150000000.0 -6.357914
2160000000.0 -6.928696
2170000000.0 -6.074097
2180000000.0 -6.665184
2190000000.0 -8.545689
2200000000.0 -6.405434
2210000000.0 -6.819374
2220000000.0 -8.069427
2230000000.0 -6.395718
2240000000.0 -6.006786
2250000000.0 -6.347912
2260000000.0 -7.928932
2270000000.0 -5.81076
2280000000.0 -8.342907
2290000000.0 -7.925503
2300000000.0 -6.784348
2310000000.0 -7.689762
2320000000.0 -6.953915
2330000000.0 -6.922585
2340000000.0 -6.391911
2350000000.0 -7.097034
2360000000.0 -6.848858
2370000000.0 -6.188034
2380000000.0 -6.916977
2390000000.0 -6.056347
2400000000.0 -5.668156
2410000000.0 -7.259468
2420000000.0 -4.623596
2430000000.0 -6.474182
2440000000.0 -4.778908
2450000000.0 -6.584549
2460000000.0 -7.057831
2470000000.0 -6.972855
2480000000.0 -7.17358
2490000000.0 -5.868629
2500000000.0 -6.614052
2510000000.0 -5.933746
2520000000.0 -7.381695
2530000000.0 -5.542999
2540000000.0 -6.205223
2550000000.0 -7.282063
2560000000.0 -3.457253
2570000000.0 -5.529243
2580000000.0 -4.351456
2590000000.0 -5.856251
2600000000.0 -5.582222
2610000000.0 -5.721752
2620000000.0 -4.722645
2630000000.0 -5.38932
2640000000.0 -5.522518
2650000000.0 -3.593704
2660000000.0 -6.318546
2670000000.0 -2.774704
2680000000.0 -6.97995
2690000000.0 -4.416931
2700000000.0 -1.990482
2710000000.0 -6.122486
2720000000.0 -0.710022
2730000000.0 -3.531582
2740000000.0 -5.201542
2750000000.0 -5.168434
2760000000.0 -5.054268
2770000000.0 -5.573967
2780000000.0 -2.58482
2790000000.0 -3.51873
2800000000.0 -3.101803
2810000000.0 -2.858505
2820000000.0 -4.253811
2830000000.0 -0.3739471
2840000000.0 -3.978733
2850000000.0 -3.396767
2860000000.0 -0.7418938
2870000000.0 -3.996735
2880000000.0 -4.241634
2890000000.0 -3.666084
2900000000.0 -4.587749
2910000000.0 -2.495644
2920000000.0 -1.968609
2930000000.0 -5.521023
2940000000.0 -2.914894
2950000000.0 -4.883808
2960000000.0 -5.545246
2970000000.0 -2.359715
2980000000.0 -3.201908
2990000000.0 -2.690067
3000000000.0 -5.229282
 
