400000000.0 17.40084
410000000.0 21.77375
420000000.0 19.96048
430000000.0 24.81614
440000000.0 15.45135
450000000.0 15.89382
460000000.0 17.53419
470000000.0 16.33965
480000000.0 13.94738
490000000.0 11.04725
500000000.0 10.31541
510000000.0 12.99568
520000000.0 13.17493
530000000.0 16.6554
540000000.0 10.99011
550000000.0 10.94951
560000000.0 10.37314
570000000.0 10.47454
580000000.0 13.15026
590000000.0 15.25213
600000000.0 11.73974
610000000.0 11.19138
620000000.0 9.854874
630000000.0 11.35244
640000000.0 9.390858
650000000.0 11.07654
660000000.0 12.07958
670000000.0 8.748371
680000000.0 14.1024
690000000.0 10.07156
700000000.0 12.68277
710000000.0 13.2368
720000000.0 13.66727
730000000.0 12.61957
740000000.0 13.69054
750000000.0 13.63409
760000000.0 14.64751
770000000.0 13.27847
780000000.0 14.23257
790000000.0 13.86524
800000000.0 12.57404
810000000.0 13.92367
820000000.0 15.87022
830000000.0 14.69292
840000000.0 12.93744
850000000.0 14.85482
860000000.0 13.03289
870000000.0 12.93752
880000000.0 12.15862
890000000.0 14.30648
900000000.0 13.61131
910000000.0 15.11974
920000000.0 15.89755
930000000.0 14.53379
940000000.0 12.96989
950000000.0 16.69336
960000000.0 13.58265
970000000.0 13.89648
980000000.0 14.13057
990000000.0 14.26333
1000000000.0 13.84967
1010000000.0 13.80229
1020000000.0 15.13929
1030000000.0 14.98581
1040000000.0 11.14404
1050000000.0 14.73795
1060000000.0 14.4222
1070000000.0 15.1284
1080000000.0 15.85064
1090000000.0 14.82098
1100000000.0 14.16693
1110000000.0 13.51888
1120000000.0 15.14318
1130000000.0 16.76542
1140000000.0 14.31162
1150000000.0 16.72663
1160000000.0 15.29816
1170000000.0 15.21642
1180000000.0 14.77097
1190000000.0 13.83865
1200000000.0 15.28123
1210000000.0 15.81337
1220000000.0 16.55828
1230000000.0 17.18032
1240000000.0 16.17609
1250000000.0 18.49001
1260000000.0 16.82321
1270000000.0 18.06303
1280000000.0 20.13408
1290000000.0 17.86257
1300000000.0 18.04115
1310000000.0 19.28121
1320000000.0 17.8092
1330000000.0 18.67413
1340000000.0 20.67728
1350000000.0 20.3269
1360000000.0 21.21788
1370000000.0 18.163
1380000000.0 20.52153
1390000000.0 20.20842
1400000000.0 19.93543
1410000000.0 19.70996
1420000000.0 18.99945
1430000000.0 20.44794
1440000000.0 18.97781
1450000000.0 19.60971
1460000000.0 20.52806
1470000000.0 19.0637
1480000000.0 21.32973
1490000000.0 19.63526
1500000000.0 20.83516
1510000000.0 20.76697
1520000000.0 18.17224
1530000000.0 18.64599
1540000000.0 18.48038
1550000000.0 21.05637
1560000000.0 20.24774
1570000000.0 18.50359
1580000000.0 20.1133
1590000000.0 19.52893
1600000000.0 19.35721
1610000000.0 21.29891
1620000000.0 19.07848
1630000000.0 20.49916
1640000000.0 19.90101
1650000000.0 20.46521
1660000000.0 20.44662
1670000000.0 21.76317
1680000000.0 20.02636
1690000000.0 19.92284
1700000000.0 21.45834
1710000000.0 21.27888
1720000000.0 23.05574
1730000000.0 21.01421
1740000000.0 20.20182
1750000000.0 22.959
1760000000.0 19.79331
1770000000.0 21.2757
1780000000.0 19.64462
1790000000.0 22.27814
1800000000.0 20.12524
1810000000.0 20.74735
1820000000.0 21.37569
1830000000.0 22.65532
1840000000.0 20.26855
1850000000.0 21.12549
1860000000.0 21.08532
1870000000.0 20.85055
1880000000.0 23.76966
1890000000.0 23.15762
1900000000.0 22.99332
1910000000.0 23.28037
1920000000.0 22.76402
1930000000.0 25.68499
1940000000.0 25.12919
1950000000.0 23.92029
1960000000.0 22.63596
1970000000.0 21.92999
1980000000.0 25.80346
1990000000.0 26.0436
2000000000.0 24.45576
2010000000.0 25.11777
2020000000.0 23.56146
2030000000.0 23.5486
2040000000.0 25.69834
2050000000.0 24.03625
2060000000.0 23.86032
2070000000.0 24.48145
2080000000.0 27.55586
2090000000.0 25.432
2100000000.0 25.54709
2110000000.0 26.05318
2120000000.0 23.27185
2130000000.0 25.52922
2140000000.0 23.58687
2150000000.0 25.28447
2160000000.0 26.05613
2170000000.0 22.99572
2180000000.0 25.73281
2190000000.0 22.82558
2200000000.0 25.38336
2210000000.0 25.73576
2220000000.0 23.92536
2230000000.0 25.8217
2240000000.0 23.30985
2250000000.0 25.48917
2260000000.0 25.42435
2270000000.0 24.96223
2280000000.0 25.25445
2290000000.0 25.50458
2300000000.0 26.8193
2310000000.0 26.7148
2320000000.0 25.27484
2330000000.0 24.94219
2340000000.0 27.4409
2350000000.0 25.2728
2360000000.0 26.27197
2370000000.0 26.99025
2380000000.0 24.24942
2390000000.0 26.18681
2400000000.0 27.06722
2410000000.0 25.60125
2420000000.0 24.86641
2430000000.0 26.96513
2440000000.0 24.92957
2450000000.0 27.46895
2460000000.0 27.3134
2470000000.0 24.55757
2480000000.0 26.70327
2490000000.0 25.40413
2500000000.0 25.30007
2510000000.0 27.64072
2520000000.0 26.48462
2530000000.0 27.88045
2540000000.0 27.09883
2550000000.0 29.66962
2560000000.0 29.00421
2570000000.0 27.38326
2580000000.0 28.64883
2590000000.0 28.19257
2600000000.0 26.67313
2610000000.0 28.39889
2620000000.0 29.75658
2630000000.0 25.88078
2640000000.0 27.46141
2650000000.0 30.1432
2660000000.0 26.36269
2670000000.0 31.54401
2680000000.0 26.99434
2690000000.0 29.67913
2700000000.0 30.82956
2710000000.0 30.20061
2720000000.0 32.13947
2730000000.0 29.80827
2740000000.0 27.89207
2750000000.0 29.79986
2760000000.0 29.19802
2770000000.0 26.62157
2780000000.0 29.09991
2790000000.0 29.01518
2800000000.0 30.78138
2810000000.0 30.66023
2820000000.0 29.51961
2830000000.0 30.9535
2840000000.0 27.91614
2850000000.0 28.6147
2860000000.0 30.22396
2870000000.0 27.05395
2880000000.0 29.05814
2890000000.0 31.19081
2900000000.0 27.52073
2910000000.0 27.94869
2920000000.0 31.67019
2930000000.0 29.0438
2940000000.0 29.28982
2950000000.0 28.86216
2960000000.0 29.88933
2970000000.0 29.69338
2980000000.0 27.46268
2990000000.0 29.9744
3000000000.0 29.90595
