1000.0 2.27
1050.0 1.98
1100.0 1.38
1150.0 3.34
1200.0 2.34
1250.0 4.01
1300.0 3.25
1350.0 3.85
1400.0 4.04
1450.0 1.62
1500.0 2.23
1550.0 3.51
1600.0 1.76
1650.0 3.76
1700.0 2.81
1750.0 3.53
1800.0 3.32
1850.0 1.92
1900.0 1.72
1950.0 3.44
2000.0 2.47
2050.0 2.32
2100.0 2.74
2150.0 3.58
2200.0 4.5
2250.0 4.52
2300.0 0.42
2350.0 1.23
2400.0 3.28
2450.0 2.99
2500.0 2.08
2550.0 1.86
2600.0 2.19
2650.0 3.27
2700.0 1.76
2750.0 0.86
2800.0 3.2
2850.0 3.13
2900.0 1.07
2950.0 0.76
3000.0 2.47
3050.0 2.08
3100.0 1.5
3150.0 1.85
3200.0 2.53
3250.0 2.03
3300.0 1.89
3350.0 3.95
3400.0 1.25
3450.0 2.02
3500.0 1.01
3550.0 2.05
3600.0 2.35
3650.0 2.34
3700.0 1.9
3750.0 2.51
3800.0 2.16
3850.0 1.91
3900.0 1.89
3950.0 1.77
4000.0 3.17
4050.0 1.81
4100.0 2.27
4150.0 2.87
4200.0 2.55
4250.0 1.89
4300.0 3.22
4350.0 1.5
4400.0 1.03
4450.0 1.87
4500.0 3.55
4550.0 2.64
4600.0 2.14
4650.0 3.24
4700.0 1.82
4750.0 3.2
4800.0 2.98
4850.0 1.49
4900.0 2.85
4950.0 3.46
5000.0 2.62
5050.0 3.14
5100.0 1.94
5150.0 2.82
5200.0 2.35
5250.0 3.28
5300.0 2.37
5350.0 3.83
5400.0 4.16
5450.0 3.43
5500.0 1.68
5550.0 2.11
5600.0 3.37
5650.0 4.46
5700.0 3.89
5750.0 2.12
5800.0 3.42
5850.0 4.45
5900.0 4.34
5950.0 2.04
6000.0 2.28
