1000.0 1.78
1050.0 1.98
1100.0 1.82
1150.0 2.49
1200.0 1.37
1250.0 2.83
1300.0 3.66
1350.0 2.03
1400.0 1.26
1450.0 1.77
1500.0 1.47
1550.0 1.87
1600.0 1.95
1650.0 3.82
1700.0 3.49
1750.0 2.05
1800.0 2.53
1850.0 1.48
1900.0 1.82
1950.0 3.89
2000.0 1.14
2050.0 2.04
2100.0 1.79
2150.0 4.63
2200.0 2.74
2250.0 1.72
2300.0 1.99
2350.0 1.97
2400.0 2.66
2450.0 1.3
2500.0 1.76
2550.0 2.18
2600.0 2.94
2650.0 2.14
2700.0 2.15
2750.0 1.7
2800.0 1.56
2850.0 1.64
2900.0 1.07
2950.0 1.34
3000.0 0.88
3050.0 2.03
3100.0 1.53
3150.0 1.87
3200.0 1.45
3250.0 1.45
3300.0 0.85
3350.0 0.88
3400.0 1.31
3450.0 1.19
3500.0 0.98
3550.0 1.13
3600.0 1.95
3650.0 0.9
3700.0 1.05
3750.0 0.94
3800.0 1.52
3850.0 1.4
3900.0 1.26
3950.0 1.06
4000.0 1.6
4050.0 1.99
4100.0 1.85
4150.0 1.66
4200.0 2.18
4250.0 1.61
4300.0 1.78
4350.0 1.9
4400.0 1.12
4450.0 2.24
4500.0 1.9
4550.0 1.99
4600.0 2.36
4650.0 3.2
4700.0 2.96
4750.0 3.49
4800.0 3.51
4850.0 4.26
4900.0 3.26
4950.0 1.23
5000.0 2.26
5050.0 2.59
5100.0 1.54
5150.0 3.02
5200.0 2.78
5250.0 2.49
5300.0 3.04
5350.0 3.02
5400.0 2.56
5450.0 2.05
5500.0 3.69
5550.0 2.62
5600.0 1.89
5650.0 0.72
5700.0 1.82
5750.0 1.55
5800.0 1.99
5850.0 1.58
5900.0 1.54
5950.0 2.75
6000.0 4.13
