1000.0 2.6
1050.0 1.17
1100.0 3.22
1150.0 1.56
1200.0 3.11
1250.0 2.51
1300.0 3.27
1350.0 2.34
1400.0 2.11
1450.0 2.6
1500.0 1.23
1550.0 4.74
1600.0 2.64
1650.0 3.88
1700.0 4.2
1750.0 3.39
1800.0 3.04
1850.0 2.27
1900.0 2.89
1950.0 2.49
2000.0 3.06
2050.0 5.55
2100.0 3.71
2150.0 4.67
2200.0 5.08
2250.0 5.05
2300.0 3.52
2350.0 4.28
2400.0 1.36
2450.0 1.97
2500.0 2.2
2550.0 3.34
2600.0 2.07
2650.0 3.62
2700.0 4.59
2750.0 2.96
2800.0 3.55
2850.0 2.2
2900.0 2.66
2950.0 2.24
3000.0 1.64
3050.0 0.71
3100.0 2.32
3150.0 1.28
3200.0 0.99
3250.0 1.55
3300.0 1.22
3350.0 1.65
3400.0 2.45
3450.0 2.81
3500.0 3.14
3550.0 1.41
3600.0 1.87
3650.0 2.12
3700.0 2.65
3750.0 2.16
3800.0 2.07
3850.0 2.49
3900.0 1.23
3950.0 2.28
4000.0 1.79
4050.0 1.88
4100.0 1.18
4150.0 1.83
4200.0 2.32
4250.0 3.49
4300.0 2.01
4350.0 1.87
4400.0 1.92
4450.0 2.47
4500.0 1.77
4550.0 1.48
4600.0 2.33
4650.0 3.43
4700.0 2.78
4750.0 1.8
4800.0 2.11
4850.0 1.6
4900.0 1.97
4950.0 3.24
5000.0 3.68
5050.0 2.56
5100.0 2.09
5150.0 2.51
5200.0 2.34
5250.0 2.97
5300.0 3.17
5350.0 2.72
5400.0 2.56
5450.0 3.01
5500.0 2.96
5550.0 2.95
5600.0 3.95
5650.0 2.86
5700.0 2.03
5750.0 2.68
5800.0 3.34
5850.0 3.06
5900.0 2.68
5950.0 2.55
6000.0 2.49
