1000.0 1.83
1050.0 3.11
1100.0 2.3
1150.0 2.12
1200.0 3.02
1250.0 2.43
1300.0 3.91
1350.0 2.05
1400.0 1.56
1450.0 2.33
1500.0 0.86
1550.0 3.36
1600.0 3.07
1650.0 3.32
1700.0 3.16
1750.0 3.11
1800.0 5.01
1850.0 1.98
1900.0 3.28
1950.0 2.76
2000.0 1.96
2050.0 3.77
2100.0 2.3
2150.0 3.72
2200.0 3.52
2250.0 5.07
2300.0 3.9
2350.0 1.59
2400.0 3.62
2450.0 2.76
2500.0 1.98
2550.0 1.69
2600.0 2.33
2650.0 2.03
2700.0 2.31
2750.0 2.94
2800.0 1.47
2850.0 3.64
2900.0 2.27
2950.0 2.49
3000.0 2.64
3050.0 0.59
3100.0 2.54
3150.0 1.55
3200.0 0.72
3250.0 1.7
3300.0 2.97
3350.0 1.43
3400.0 2.53
3450.0 2.85
3500.0 1.06
3550.0 1.02
3600.0 1.98
3650.0 1.66
3700.0 2.21
3750.0 2.08
3800.0 2.16
3850.0 2.36
3900.0 2.73
3950.0 2.9
4000.0 2.78
4050.0 3.09
4100.0 3.98
4150.0 3.71
4200.0 3.14
4250.0 1.93
4300.0 1.64
4350.0 2.77
4400.0 3.24
4450.0 3.14
4500.0 4.1
4550.0 3.78
4600.0 1.99
4650.0 2.79
4700.0 3.26
4750.0 3.56
4800.0 3.07
4850.0 2.89
4900.0 3.03
4950.0 3.79
5000.0 2.53
5050.0 3.11
5100.0 2.77
5150.0 1.85
5200.0 1.41
5250.0 2.24
5300.0 3.22
5350.0 2.94
5400.0 2.86
5450.0 3.16
5500.0 2.22
5550.0 2.87
5600.0 2.57
5650.0 3.6
5700.0 3.59
5750.0 3.43
5800.0 3.57
5850.0 3.74
5900.0 3.05
5950.0 3.7
6000.0 3.48
