1000.0 1.13
1050.0 2.51
1100.0 1.35
1150.0 2.1
1200.0 1.47
1250.0 1.38
1300.0 2.21
1350.0 1.38
1400.0 0.9
1450.0 0.92
1500.0 0.89
1550.0 1.74
1600.0 1.8
1650.0 3.08
1700.0 1.69
1750.0 2.56
1800.0 2.45
1850.0 1.33
1900.0 1.16
1950.0 4.94
2000.0 2.2
2050.0 2.74
2100.0 1.86
2150.0 0.7
2200.0 2.25
2250.0 1.66
2300.0 1.44
2350.0 0.81
2400.0 2.71
2450.0 1.65
2500.0 1.77
2550.0 2.07
2600.0 1.32
2650.0 1.86
2700.0 2.25
2750.0 1.87
2800.0 1.47
2850.0 1.41
2900.0 1.23
2950.0 1.58
3000.0 2.02
3050.0 1.22
3100.0 0.98
3150.0 1.28
3200.0 1.32
3250.0 1.8
3300.0 0.53
3350.0 1.02
3400.0 1.01
3450.0 0.8
3500.0 0.79
3550.0 1.0
3600.0 1.01
3650.0 0.69
3700.0 1.42
3750.0 1.73
3800.0 1.08
3850.0 1.62
3900.0 1.36
3950.0 1.92
4000.0 1.46
4050.0 1.39
4100.0 2.05
4150.0 1.87
4200.0 1.41
4250.0 1.37
4300.0 1.6
4350.0 1.39
4400.0 1.65
4450.0 2.32
4500.0 2.0
4550.0 1.33
4600.0 1.95
4650.0 1.7
4700.0 1.26
4750.0 1.58
4800.0 1.66
4850.0 2.57
4900.0 2.0
4950.0 1.39
5000.0 1.12
5050.0 3.06
5100.0 2.22
5150.0 2.13
5200.0 0.98
5250.0 2.75
5300.0 1.96
5350.0 1.76
5400.0 1.34
5450.0 1.55
5500.0 1.64
5550.0 1.47
5600.0 1.9
5650.0 0.75
5700.0 1.49
5750.0 2.84
5800.0 1.68
5850.0 1.05
5900.0 2.29
5950.0 2.38
6000.0 2.41
