30.0 0.83
31.0 0.11
32.0 -0.23
33.0 -0.43
34.0 -0.65
35.0 -0.91
36.0 -1.05
37.0 -1.29
38.0 -1.4
39.0 -1.58
40.0 -1.57
41.0 -1.57
42.0 -1.58
43.0 -1.55
44.0 -1.56
45.0 -1.5
46.0 -1.37
47.0 -1.29
48.0 -1.22
49.0 -1.15
50.0 -1.08
51.0 -1.07
52.0 -1.01
53.0 -0.93
54.0 -0.87
55.0 -0.79
56.0 -0.71
57.0 -0.69
58.0 -0.71
59.0 -0.72
60.0 -0.8
61.0 -0.86
62.0 -0.86
63.0 -0.88
64.0 -0.89
65.0 -0.91
66.0 -0.99
67.0 -1.08
68.0 -1.16
69.0 -1.23
70.0 -1.11
71.0 -0.98
72.0 -0.85
73.0 -0.78
74.0 -0.72
75.0 -0.62
76.0 -0.5
77.0 -0.39
78.0 -0.32
79.0 -0.3
80.0 -0.31
81.0 -0.3
82.0 -0.26
83.0 -0.18
84.0 -0.08
85.0 0.01
86.0 0.03
87.0 0.04
88.0 0.0
89.0 -0.01
90.0 -0.01
91.0 0.01
92.0 0.02
93.0 -0.01
94.0 -0.07
95.0 -0.15
96.0 -0.18
97.0 -0.14
98.0 -0.13
99.0 -0.12
100.0 -0.04
105.0 0.0
110.0 -0.17
115.0 -0.22
120.0 -0.44
125.0 -0.62
130.0 -0.35
135.0 -0.07
140.0 -0.16
145.0 -0.3
150.0 -0.24
155.0 0.05
160.0 0.14
165.0 0.1
170.0 -0.1
175.0 -0.3
180.0 -0.23
185.0 -0.23
190.0 -0.21
195.0 -0.22
200.0 -0.4
