30.0 1.05
31.0 0.6
32.0 0.33
33.0 0.02
34.0 -0.26
35.0 -0.55
36.0 -0.85
37.0 -1.21
38.0 -1.43
39.0 -1.62
40.0 -1.77
41.0 -1.91
42.0 -2.0
43.0 -2.09
44.0 -2.22
45.0 -2.29
46.0 -2.31
47.0 -2.3
48.0 -2.28
49.0 -2.26
50.0 -2.25
51.0 -2.26
52.0 -2.17
53.0 -2.1
54.0 -1.95
55.0 -1.8
56.0 -1.6
57.0 -1.49
58.0 -1.36
59.0 -1.27
60.0 -1.16
61.0 -1.06
62.0 -0.88
63.0 -0.75
64.0 -0.6
65.0 -0.5
66.0 -0.52
67.0 -0.54
68.0 -0.54
69.0 -0.46
70.0 -0.42
71.0 -0.45
72.0 -0.46
73.0 -0.46
74.0 -0.52
75.0 -0.57
76.0 -0.51
77.0 -0.45
78.0 -0.42
79.0 -0.41
80.0 -0.45
81.0 -0.48
82.0 -0.47
83.0 -0.39
84.0 -0.31
85.0 -0.24
86.0 -0.26
87.0 -0.31
88.0 -0.41
89.0 -0.46
90.0 -0.49
91.0 -0.49
92.0 -0.48
93.0 -0.45
94.0 -0.42
95.0 -0.39
96.0 -0.31
97.0 -0.23
98.0 -0.14
99.0 -0.11
100.0 -0.06
105.0 0.1
110.0 -0.18
115.0 -0.38
120.0 -0.31
125.0 -0.06
130.0 0.13
135.0 -0.12
140.0 -0.59
145.0 -0.61
150.0 -0.68
155.0 -0.49
160.0 -0.18
165.0 -0.05
170.0 -0.25
175.0 -0.38
180.0 -0.36
185.0 -0.34
190.0 -0.32
195.0 -0.35
200.0 -0.54
