30.0 0.51
31.0 -0.18
32.0 -0.47
33.0 -0.6
34.0 -0.81
35.0 -1.06
36.0 -1.16
37.0 -1.41
38.0 -1.63
39.0 -1.65
40.0 -1.63
41.0 -1.64
42.0 -1.63
43.0 -1.61
44.0 -1.59
45.0 -1.49
46.0 -1.42
47.0 -1.35
48.0 -1.27
49.0 -1.2
50.0 -1.16
51.0 -1.1
52.0 -1.01
53.0 -0.91
54.0 -0.76
55.0 -0.66
56.0 -0.61
57.0 -0.52
58.0 -0.58
59.0 -0.61
60.0 -0.65
61.0 -0.68
62.0 -0.72
63.0 -0.73
64.0 -0.75
65.0 -0.8
66.0 -0.88
67.0 -0.96
68.0 -1.05
69.0 -1.13
70.0 -1.05
71.0 -0.92
72.0 -0.81
73.0 -0.74
74.0 -0.67
75.0 -0.58
76.0 -0.44
77.0 -0.33
78.0 -0.3
79.0 -0.28
80.0 -0.28
81.0 -0.29
82.0 -0.26
83.0 -0.16
84.0 -0.09
85.0 0.0
86.0 0.01
87.0 -0.02
88.0 -0.07
89.0 -0.09
90.0 -0.06
91.0 -0.03
92.0 -0.01
93.0 -0.03
94.0 -0.1
95.0 -0.17
96.0 -0.26
97.0 -0.22
98.0 -0.14
99.0 -0.1
100.0 -0.07
105.0 -0.1
110.0 -0.27
115.0 -0.32
120.0 -0.67
125.0 -0.88
130.0 -0.69
135.0 -0.39
140.0 -0.37
145.0 -0.54
150.0 -0.53
155.0 -0.43
160.0 -0.39
165.0 -0.45
170.0 -0.42
175.0 -0.64
180.0 -0.48
185.0 -0.45
190.0 -0.36
195.0 -0.33
200.0 -0.45
