30.0 0.91
31.0 0.25
32.0 -0.02
33.0 -0.36
34.0 -0.59
35.0 -0.81
36.0 -0.93
37.0 -1.31
38.0 -1.49
39.0 -1.57
40.0 -1.63
41.0 -1.63
42.0 -1.61
43.0 -1.77
44.0 -1.71
45.0 -1.75
46.0 -1.69
47.0 -1.6
48.0 -1.5
49.0 -1.46
50.0 -1.44
51.0 -1.44
52.0 -1.37
53.0 -1.28
54.0 -1.2
55.0 -1.12
56.0 -1.05
57.0 -1.01
58.0 -1.03
59.0 -1.08
60.0 -1.13
61.0 -1.17
62.0 -1.19
63.0 -1.22
64.0 -1.21
65.0 -1.26
66.0 -1.34
67.0 -1.43
68.0 -1.51
69.0 -1.56
70.0 -1.42
71.0 -1.28
72.0 -1.18
73.0 -1.1
74.0 -1.02
75.0 -0.93
76.0 -0.8
77.0 -0.7
78.0 -0.64
79.0 -0.61
80.0 -0.63
81.0 -0.61
82.0 -0.58
83.0 -0.49
84.0 -0.4
85.0 -0.31
86.0 -0.29
87.0 -0.29
88.0 -0.29
89.0 -0.28
90.0 -0.24
91.0 -0.19
92.0 -0.16
93.0 -0.19
94.0 -0.24
95.0 -0.31
96.0 -0.37
97.0 -0.33
98.0 -0.28
99.0 -0.27
100.0 -0.25
105.0 -0.28
110.0 -0.41
115.0 -0.33
120.0 -0.37
125.0 -0.62
130.0 -0.6
135.0 -0.44
140.0 -0.38
145.0 -0.28
150.0 -0.18
155.0 -0.12
160.0 -0.14
165.0 -0.23
170.0 -0.32
175.0 -0.43
180.0 -0.38
185.0 -0.39
190.0 -0.36
195.0 -0.43
200.0 -0.61
