30.0 0.24
31.0 -0.27
32.0 -0.49
33.0 -0.74
34.0 -0.87
35.0 -0.99
36.0 -1.13
37.0 -1.27
38.0 -1.41
39.0 -1.4
40.0 -1.42
41.0 -1.44
42.0 -1.47
43.0 -1.47
44.0 -1.46
45.0 -1.38
46.0 -1.29
47.0 -1.2
48.0 -1.05
49.0 -0.95
50.0 -0.94
51.0 -0.83
52.0 -0.79
53.0 -0.67
54.0 -0.59
55.0 -0.54
56.0 -0.44
57.0 -0.45
58.0 -0.5
59.0 -0.57
60.0 -0.69
61.0 -0.79
62.0 -0.88
63.0 -0.95
64.0 -1.0
65.0 -1.11
66.0 -1.22
67.0 -1.29
68.0 -1.28
69.0 -1.22
70.0 -1.09
71.0 -0.97
72.0 -0.86
73.0 -0.8
74.0 -0.71
75.0 -0.62
76.0 -0.49
77.0 -0.36
78.0 -0.26
79.0 -0.24
80.0 -0.27
81.0 -0.29
82.0 -0.3
83.0 -0.25
84.0 -0.2
85.0 -0.2
86.0 -0.24
87.0 -0.35
88.0 -0.44
89.0 -0.52
90.0 -0.5
91.0 -0.47
92.0 -0.43
93.0 -0.43
94.0 -0.38
95.0 -0.34
96.0 -0.26
97.0 -0.15
98.0 -0.06
99.0 0.02
100.0 0.03
105.0 0.16
110.0 -0.11
115.0 -0.25
120.0 0.03
125.0 0.0
130.0 -0.14
135.0 -0.26
140.0 -0.5
145.0 -0.39
150.0 -0.27
155.0 -0.19
160.0 -0.05
165.0 0.23
170.0 0.42
175.0 0.43
180.0 0.35
185.0 0.3
190.0 0.05
195.0 -0.01
200.0 -0.26
