30.0 0.59
31.0 0.18
32.0 -0.11
33.0 -0.35
34.0 -0.58
35.0 -0.76
36.0 -0.88
37.0 -1.17
38.0 -1.3
39.0 -1.38
40.0 -1.44
41.0 -1.6
42.0 -1.67
43.0 -1.82
44.0 -1.86
45.0 -1.92
46.0 -1.85
47.0 -1.79
48.0 -1.77
49.0 -1.73
50.0 -1.68
51.0 -1.63
52.0 -1.61
53.0 -1.56
54.0 -1.49
55.0 -1.39
56.0 -1.26
57.0 -1.11
58.0 -0.96
59.0 -0.84
60.0 -0.7
61.0 -0.55
62.0 -0.41
63.0 -0.22
64.0 -0.1
65.0 -0.02
66.0 -0.01
67.0 -0.03
68.0 -0.04
69.0 -0.05
70.0 -0.03
71.0 -0.06
72.0 -0.12
73.0 -0.21
74.0 -0.3
75.0 -0.36
76.0 -0.34
77.0 -0.31
78.0 -0.33
79.0 -0.37
80.0 -0.4
81.0 -0.43
82.0 -0.42
83.0 -0.35
84.0 -0.26
85.0 -0.2
86.0 -0.16
87.0 -0.23
88.0 -0.27
89.0 -0.3
90.0 -0.26
91.0 -0.21
92.0 -0.2
93.0 -0.2
94.0 -0.23
95.0 -0.3
96.0 -0.32
97.0 -0.28
98.0 -0.24
99.0 -0.2
100.0 -0.19
105.0 -0.02
110.0 0.03
115.0 0.15
120.0 0.14
125.0 0.03
130.0 0.17
135.0 0.3
140.0 0.09
145.0 -0.12
150.0 -0.27
155.0 -0.25
160.0 0.29
165.0 0.71
170.0 0.68
175.0 0.47
180.0 0.19
185.0 -0.16
190.0 -0.46
195.0 0.17
200.0 0.37
