30.0 0.23
31.0 -0.28
32.0 -0.52
33.0 -0.71
34.0 -0.84
35.0 -1.0
36.0 -1.11
37.0 -1.26
38.0 -1.33
39.0 -1.38
40.0 -1.31
41.0 -1.36
42.0 -1.3
43.0 -1.29
44.0 -1.24
45.0 -1.15
46.0 -1.06
47.0 -0.94
48.0 -0.82
49.0 -0.7
50.0 -0.64
51.0 -0.56
52.0 -0.49
53.0 -0.46
54.0 -0.36
55.0 -0.26
56.0 -0.15
57.0 -0.15
58.0 -0.21
59.0 -0.3
60.0 -0.44
61.0 -0.57
62.0 -0.72
63.0 -0.81
64.0 -0.88
65.0 -0.97
66.0 -1.04
67.0 -1.11
68.0 -1.1
69.0 -1.03
70.0 -0.88
71.0 -0.76
72.0 -0.66
73.0 -0.59
74.0 -0.51
75.0 -0.43
76.0 -0.3
77.0 -0.17
78.0 -0.08
79.0 -0.05
80.0 -0.09
81.0 -0.1
82.0 -0.12
83.0 -0.07
84.0 -0.03
85.0 -0.03
86.0 -0.1
87.0 -0.24
88.0 -0.35
89.0 -0.45
90.0 -0.45
91.0 -0.42
92.0 -0.4
93.0 -0.39
94.0 -0.32
95.0 -0.28
96.0 -0.2
97.0 -0.1
98.0 0.0
99.0 0.05
100.0 0.07
105.0 0.19
110.0 -0.07
115.0 -0.31
120.0 -0.03
125.0 -0.07
130.0 -0.28
135.0 -0.4
140.0 -0.64
145.0 -0.52
150.0 -0.47
155.0 -0.36
160.0 -0.3
165.0 0.02
170.0 0.24
175.0 0.33
180.0 0.17
185.0 0.07
190.0 -0.19
195.0 -0.14
200.0 -0.35
