30.0 0.58
31.0 0.13
32.0 -0.17
33.0 -0.47
34.0 -0.67
35.0 -0.84
36.0 -0.93
37.0 -1.15
38.0 -1.26
39.0 -1.31
40.0 -1.37
41.0 -1.43
42.0 -1.43
43.0 -1.48
44.0 -1.48
45.0 -1.43
46.0 -1.36
47.0 -1.27
48.0 -1.18
49.0 -1.09
50.0 -1.03
51.0 -0.97
52.0 -0.92
53.0 -0.81
54.0 -0.76
55.0 -0.7
56.0 -0.66
57.0 -0.64
58.0 -0.67
59.0 -0.77
60.0 -0.88
61.0 -0.98
62.0 -1.08
63.0 -1.14
64.0 -1.18
65.0 -1.29
66.0 -1.37
67.0 -1.42
68.0 -1.42
69.0 -1.34
70.0 -1.2
71.0 -1.08
72.0 -0.98
73.0 -0.93
74.0 -0.86
75.0 -0.79
76.0 -0.66
77.0 -0.52
78.0 -0.44
79.0 -0.41
80.0 -0.43
81.0 -0.45
82.0 -0.47
83.0 -0.41
84.0 -0.36
85.0 -0.35
86.0 -0.38
87.0 -0.49
88.0 -0.57
89.0 -0.61
90.0 -0.57
91.0 -0.52
92.0 -0.48
93.0 -0.46
94.0 -0.4
95.0 -0.35
96.0 -0.27
97.0 -0.17
98.0 -0.07
99.0 -0.01
100.0 0.02
105.0 0.12
110.0 -0.13
115.0 -0.15
120.0 0.02
125.0 -0.03
130.0 -0.18
135.0 -0.29
140.0 -0.43
145.0 -0.35
150.0 -0.25
155.0 -0.1
160.0 -0.02
165.0 0.21
170.0 0.31
175.0 0.31
180.0 0.15
185.0 0.05
190.0 -0.21
195.0 -0.09
200.0 -0.46
