6050.0 4.47
6100.0 4.74
6150.0 4.19
6200.0 4.61
6250.0 4.4
6300.0 3.02
6350.0 2.52
6400.0 2.38
6450.0 2.36
6500.0 1.35
6550.0 4.72
6600.0 2.79
6650.0 3.84
6700.0 3.35
6750.0 4.25
6800.0 3.26
6850.0 2.72
6900.0 3.68
6950.0 2.65
7000.0 2.11
7050.0 2.26
7100.0 2.29
7150.0 2.18
7200.0 1.95
7250.0 2.7
7300.0 4.49
7350.0 3.87
7400.0 3.77
7450.0 3.23
7500.0 3.16
7550.0 3.86
7600.0 3.65
7650.0 1.32
7700.0 1.93
7750.0 2.02
7800.0 2.46
7850.0 2.79
7900.0 4.39
7950.0 2.62
8000.0 1.88
8050.0 2.53
8100.0 2.48
8150.0 2.46
8200.0 3.08
8250.0 2.16
8300.0 1.2
8350.0 2.08
8400.0 2.07
8450.0 1.53
8500.0 2.67
8550.0 0.65
8600.0 1.46
8650.0 2.16
8700.0 0.53
8750.0 2.13
8800.0 1.77
8850.0 0.9
8900.0 1.73
8950.0 1.18
9000.0 2.21
9050.0 2.63
9100.0 1.01
9150.0 2.27
9200.0 2.06
9250.0 1.69
9300.0 2.31
9350.0 2.34
9400.0 2.6
9450.0 3.43
9500.0 3.54
9550.0 1.7
9600.0 1.27
9650.0 2.99
9700.0 2.19
9750.0 1.45
9800.0 1.55
9850.0 0.81
9900.0 3.67
9950.0 3.33
10000.0 2.27
10050.0 2.85
10100.0 3.77
10150.0 3.43
10200.0 2.46
10250.0 2.57
10300.0 1.79
10350.0 2.16
10400.0 1.83
10450.0 2.3
10500.0 1.7
10550.0 1.94
10600.0 2.66
10650.0 2.84
10700.0 4.06
10750.0 3.63
10800.0 2.01
10850.0 3.42
10900.0 2.12
10950.0 1.34
11000.0 1.67
11050.0 2.28
11100.0 4.05
11150.0 2.85
11200.0 2.57
11250.0 1.81
11300.0 3.04
11350.0 2.1
11400.0 1.62
11450.0 0.93
11500.0 1.17
11550.0 2.13
11600.0 1.46
11650.0 1.8
11700.0 1.8
11750.0 0.49
11800.0 3.33
11850.0 1.31
11900.0 1.6
11950.0 1.43
12000.0 1.25
12050.0 1.31
12100.0 2.05
12150.0 2.04
12200.0 0.89
12250.0 1.97
12300.0 2.11
12350.0 1.51
12400.0 0.83
12450.0 1.58
12500.0 2.03
12550.0 1.94
12600.0 0.85
12650.0 0.89
12700.0 1.39
12750.0 2.31
12800.0 2.3
12850.0 0.77
12900.0 2.5
12950.0 1.24
13000.0 1.75
13050.0 2.21
13100.0 1.46
13150.0 1.28
13200.0 1.53
13250.0 1.59
13300.0 1.48
13350.0 1.39
13400.0 1.63
13450.0 1.01
13500.0 1.7
13550.0 0.84
13600.0 1.98
13650.0 1.18
13700.0 1.15
13750.0 1.12
13800.0 1.77
13850.0 0.77
13900.0 1.36
13950.0 1.67
14000.0 1.73
14050.0 0.94
14100.0 0.76
14150.0 1.54
14200.0 0.97
14250.0 0.54
14300.0 1.61
14350.0 1.55
14400.0 2.01
14450.0 0.9
14500.0 1.13
14550.0 1.87
14600.0 1.31
14650.0 0.93
14700.0 1.45
14750.0 0.52
14800.0 1.7
14850.0 1.21
14900.0 1.37
14950.0 1.58
15000.0 1.05
15050.0 0.62
15100.0 0.9
15150.0 1.48
15200.0 1.33
15250.0 1.1
15300.0 0.78
15350.0 1.79
15400.0 1.9
15450.0 1.24
15500.0 1.37
15550.0 1.21
15600.0 1.62
15650.0 1.75
15700.0 1.54
15750.0 1.64
15800.0 1.99
15850.0 1.2
15900.0 2.23
15950.0 1.0
16000.0 1.71
16050.0 1.32
16100.0 0.93
16150.0 1.6
16200.0 1.69
16250.0 1.34
16300.0 0.79
16350.0 1.29
16400.0 1.57
16450.0 1.19
16500.0 0.93
16550.0 1.53
16600.0 1.62
16650.0 1.09
16700.0 1.43
16750.0 1.61
16800.0 1.23
16850.0 0.52
16900.0 1.3
16950.0 1.38
17000.0 1.39
17050.0 1.76
17100.0 0.52
17150.0 1.67
17200.0 1.48
17250.0 1.39
17300.0 1.09
17350.0 1.59
17400.0 1.01
17450.0 0.93
17500.0 1.77
17550.0 0.48
17600.0 1.58
17650.0 0.81
17700.0 1.14
17750.0 0.81
17800.0 1.66
17850.0 1.59
17900.0 1.61
17950.0 1.25
18000.0 1.13
