6050.0 3.4
6100.0 1.76
6150.0 1.1
6200.0 1.7
6250.0 3.75
6300.0 2.5
6350.0 1.89
6400.0 2.28
6450.0 1.96
6500.0 1.29
6550.0 3.53
6600.0 3.09
6650.0 1.97
6700.0 3.49
6750.0 3.41
6800.0 2.14
6850.0 1.26
6900.0 1.92
6950.0 0.98
7000.0 1.16
7050.0 1.89
7100.0 1.96
7150.0 2.42
7200.0 2.02
7250.0 0.96
7300.0 1.18
7350.0 0.91
7400.0 0.3
7450.0 1.05
7500.0 0.45
7550.0 1.54
7600.0 1.14
7650.0 1.07
7700.0 1.31
7750.0 2.45
7800.0 2.55
7850.0 2.13
7900.0 1.42
7950.0 2.18
8000.0 2.49
8050.0 3.21
8100.0 2.01
8150.0 1.26
8200.0 0.65
8250.0 0.92
8300.0 1.12
8350.0 2.6
8400.0 1.68
8450.0 1.13
8500.0 1.04
8550.0 2.4
8600.0 2.03
8650.0 1.62
8700.0 1.35
8750.0 0.93
8800.0 0.62
8850.0 1.48
8900.0 2.26
8950.0 1.03
9000.0 1.89
9050.0 1.79
9100.0 2.33
9150.0 1.46
9200.0 1.45
9250.0 1.34
9300.0 0.99
9350.0 1.79
9400.0 1.71
9450.0 1.19
9500.0 1.77
9550.0 1.75
9600.0 1.55
9650.0 2.1
9700.0 1.76
9750.0 2.03
9800.0 1.47
9850.0 1.39
9900.0 0.82
9950.0 1.87
10000.0 1.04
10050.0 1.09
10100.0 0.75
10150.0 1.45
10200.0 1.43
10250.0 1.61
10300.0 1.2
10350.0 1.09
10400.0 1.29
10450.0 0.62
10500.0 1.06
10550.0 0.9
10600.0 0.76
10650.0 1.56
10700.0 1.38
10750.0 1.98
10800.0 2.79
10850.0 1.4
10900.0 1.56
10950.0 1.45
11000.0 1.25
11050.0 1.35
11100.0 1.04
11150.0 2.28
11200.0 1.38
11250.0 2.14
11300.0 3.11
11350.0 2.67
11400.0 2.07
11450.0 1.07
11500.0 2.04
11550.0 2.62
11600.0 1.67
11650.0 1.31
11700.0 1.98
11750.0 1.94
11800.0 1.65
11850.0 1.46
11900.0 1.11
11950.0 1.14
12000.0 1.93
12050.0 1.6
12100.0 1.32
12150.0 0.8
12200.0 1.09
12250.0 0.93
12300.0 1.53
12350.0 1.14
12400.0 0.83
12450.0 0.74
12500.0 0.52
12550.0 1.15
12600.0 0.78
12650.0 0.86
12700.0 1.55
12750.0 1.99
12800.0 0.9
12850.0 1.56
12900.0 0.99
12950.0 1.41
13000.0 1.6
13050.0 0.7
13100.0 0.45
13150.0 1.27
13200.0 1.24
13250.0 1.42
13300.0 1.63
13350.0 1.65
13400.0 1.28
13450.0 1.78
13500.0 1.25
13550.0 1.74
13600.0 1.74
13650.0 0.92
13700.0 0.53
13750.0 0.91
13800.0 1.98
13850.0 1.58
13900.0 2.35
13950.0 1.55
14000.0 1.29
14050.0 1.05
14100.0 0.81
14150.0 1.33
14200.0 2.43
14250.0 2.22
14300.0 1.58
14350.0 0.77
14400.0 1.16
14450.0 1.69
14500.0 2.23
14550.0 1.91
14600.0 1.82
14650.0 0.45
14700.0 2.61
14750.0 1.38
14800.0 1.72
14850.0 1.79
14900.0 2.33
14950.0 1.12
15000.0 1.59
15050.0 1.93
15100.0 1.71
15150.0 1.95
15200.0 1.79
15250.0 1.12
15300.0 3.35
15350.0 2.75
15400.0 1.24
15450.0 2.25
15500.0 2.74
15550.0 1.9
15600.0 2.75
15650.0 2.16
15700.0 0.92
15750.0 3.3
15800.0 2.43
15850.0 0.69
15900.0 3.57
15950.0 2.34
16000.0 1.41
16050.0 2.44
16100.0 2.96
16150.0 1.18
16200.0 2.82
16250.0 3.27
16300.0 0.89
16350.0 3.4
16400.0 2.9
16450.0 1.45
16500.0 3.84
16550.0 3.33
16600.0 1.87
16650.0 4.07
16700.0 3.6
16750.0 0.57
16800.0 3.08
16850.0 2.9
16900.0 1.43
16950.0 2.79
17000.0 3.98
17050.0 2.21
17100.0 3.33
17150.0 4.82
17200.0 1.08
17250.0 3.2
17300.0 4.0
17350.0 1.23
17400.0 2.86
17450.0 2.81
17500.0 1.77
17550.0 2.74
17600.0 4.13
17650.0 1.6
17700.0 2.33
17750.0 3.23
17800.0 1.22
17850.0 2.29
17900.0 2.72
17950.0 1.84
18000.0 2.33
