6050.0 3.1
6100.0 4.16
6150.0 3.27
6200.0 3.22
6250.0 0.87
6300.0 1.7
6350.0 3.22
6400.0 3.04
6450.0 2.96
6500.0 2.93
6550.0 2.32
6600.0 2.24
6650.0 1.5
6700.0 1.58
6750.0 2.09
6800.0 1.72
6850.0 0.89
6900.0 1.93
6950.0 2.35
7000.0 3.13
7050.0 3.09
7100.0 2.84
7150.0 3.73
7200.0 2.55
7250.0 2.62
7300.0 1.99
7350.0 1.24
7400.0 1.87
7450.0 1.97
7500.0 2.05
7550.0 1.52
7600.0 1.74
7650.0 2.63
7700.0 2.2
7750.0 2.08
7800.0 1.69
7850.0 2.2
7900.0 1.93
7950.0 0.93
8000.0 1.36
8050.0 1.71
8100.0 2.32
8150.0 1.63
8200.0 1.15
8250.0 1.4
8300.0 0.98
8350.0 1.17
8400.0 0.57
8450.0 0.91
8500.0 0.91
8550.0 1.82
8600.0 2.28
8650.0 1.98
8700.0 2.02
8750.0 2.31
8800.0 1.94
8850.0 2.09
8900.0 2.23
8950.0 1.85
9000.0 0.56
9050.0 1.23
9100.0 1.34
9150.0 1.7
9200.0 2.24
9250.0 1.32
9300.0 2.04
9350.0 2.92
9400.0 2.28
9450.0 3.55
9500.0 2.68
9550.0 1.77
9600.0 1.47
9650.0 1.45
9700.0 1.82
9750.0 1.27
9800.0 2.52
9850.0 1.51
9900.0 1.23
9950.0 1.22
10000.0 2.2
10050.0 2.71
10100.0 2.92
10150.0 2.63
10200.0 4.29
10250.0 4.37
10300.0 2.9
10350.0 3.19
10400.0 2.52
10450.0 2.07
10500.0 1.76
10550.0 2.73
10600.0 2.0
10650.0 1.73
10700.0 2.94
10750.0 3.29
10800.0 3.07
10850.0 1.83
10900.0 1.98
10950.0 1.78
11000.0 1.63
11050.0 1.26
11100.0 1.42
11150.0 2.15
11200.0 2.56
11250.0 4.39
11300.0 3.2
11350.0 3.31
11400.0 2.16
11450.0 2.34
11500.0 2.39
11550.0 2.64
11600.0 3.31
11650.0 3.31
11700.0 3.73
11750.0 2.8
11800.0 2.85
11850.0 2.63
11900.0 2.11
11950.0 2.11
12000.0 2.9
12050.0 2.14
12100.0 1.59
12150.0 2.11
12200.0 1.23
12250.0 2.61
12300.0 1.58
12350.0 1.38
12400.0 1.53
12450.0 1.27
12500.0 1.72
12550.0 1.13
12600.0 1.02
12650.0 2.71
12700.0 3.05
12750.0 2.61
12800.0 2.61
12850.0 2.48
12900.0 2.3
12950.0 2.39
13000.0 2.99
13050.0 2.0
13100.0 3.63
13150.0 3.71
13200.0 4.43
13250.0 3.06
13300.0 3.7
13350.0 2.9
13400.0 3.12
13450.0 2.75
13500.0 1.63
13550.0 2.99
13600.0 3.21
13650.0 4.3
13700.0 2.65
13750.0 1.81
13800.0 3.37
13850.0 3.46
13900.0 5.05
13950.0 4.38
14000.0 2.95
14050.0 3.01
14100.0 3.62
14150.0 2.59
14200.0 1.85
14250.0 2.06
14300.0 3.12
14350.0 2.19
14400.0 1.82
14450.0 3.12
14500.0 4.19
14550.0 3.5
14600.0 3.39
14650.0 1.42
14700.0 1.15
14750.0 1.68
14800.0 2.92
14850.0 3.41
14900.0 2.82
14950.0 1.99
15000.0 3.94
15050.0 2.94
15100.0 3.17
15150.0 2.39
15200.0 2.63
15250.0 3.05
15300.0 2.46
15350.0 2.63
15400.0 2.42
15450.0 3.26
15500.0 4.16
15550.0 3.82
15600.0 3.85
15650.0 3.19
15700.0 3.02
15750.0 2.76
15800.0 1.53
15850.0 1.7
15900.0 2.67
15950.0 3.76
16000.0 4.49
16050.0 4.82
16100.0 5.44
16150.0 5.08
16200.0 4.21
16250.0 3.08
16300.0 4.27
16350.0 4.56
16400.0 4.64
16450.0 5.37
16500.0 4.57
16550.0 3.32
16600.0 4.58
16650.0 5.01
16700.0 4.07
16750.0 2.59
16800.0 2.29
16850.0 4.34
16900.0 3.94
16950.0 2.81
17000.0 4.09
17050.0 3.47
17100.0 3.11
17150.0 4.78
17200.0 4.9
17250.0 2.65
17300.0 3.64
17350.0 3.56
17400.0 3.78
17450.0 3.09
17500.0 3.34
17550.0 3.95
17600.0 3.93
17650.0 4.12
17700.0 4.75
17750.0 3.22
17800.0 4.29
17850.0 2.65
17900.0 3.73
17950.0 3.25
18000.0 2.82
