6050.0 2.02
6100.0 1.91
6150.0 1.51
6200.0 2.2
6250.0 2.95
6300.0 3.2
6350.0 2.66
6400.0 1.92
6450.0 2.88
6500.0 2.98
6550.0 2.17
6600.0 2.34
6650.0 1.83
6700.0 2.6
6750.0 2.34
6800.0 1.77
6850.0 1.17
6900.0 0.78
6950.0 2.23
7000.0 2.75
7050.0 2.87
7100.0 3.64
7150.0 2.9
7200.0 2.11
7250.0 2.15
7300.0 2.09
7350.0 2.67
7400.0 1.69
7450.0 2.56
7500.0 1.56
7550.0 0.99
7600.0 1.13
7650.0 2.39
7700.0 2.37
7750.0 2.36
7800.0 2.6
7850.0 2.65
7900.0 2.9
7950.0 3.13
8000.0 0.94
8050.0 1.08
8100.0 1.96
8150.0 1.97
8200.0 1.95
8250.0 1.93
8300.0 2.81
8350.0 1.03
8400.0 1.52
8450.0 1.63
8500.0 1.11
8550.0 2.28
8600.0 1.43
8650.0 2.65
8700.0 2.91
8750.0 1.79
8800.0 2.57
8850.0 2.45
8900.0 1.99
8950.0 3.37
9000.0 3.44
9050.0 3.12
9100.0 1.85
9150.0 2.87
9200.0 3.23
9250.0 3.1
9300.0 2.52
9350.0 3.04
9400.0 1.4
9450.0 1.86
9500.0 2.77
9550.0 3.09
9600.0 4.21
9650.0 4.12
9700.0 4.0
9750.0 3.1
9800.0 3.65
9850.0 3.98
9900.0 3.88
9950.0 1.8
10000.0 1.27
10050.0 1.23
10100.0 2.84
10150.0 4.5
10200.0 1.82
10250.0 1.64
10300.0 1.38
10350.0 3.16
10400.0 4.71
10450.0 3.62
10500.0 3.27
10550.0 1.9
10600.0 2.26
10650.0 2.23
10700.0 1.43
10750.0 1.66
10800.0 1.75
10850.0 2.32
10900.0 2.8
10950.0 4.27
11000.0 5.1
11050.0 3.37
11100.0 2.12
11150.0 2.85
11200.0 2.39
11250.0 1.42
11300.0 2.28
11350.0 1.14
11400.0 1.47
11450.0 2.37
11500.0 2.21
11550.0 2.05
11600.0 1.42
11650.0 1.16
11700.0 2.05
11750.0 2.01
11800.0 1.35
11850.0 1.11
11900.0 1.2
11950.0 1.8
12000.0 1.43
12050.0 0.98
12100.0 0.8
12150.0 1.49
12200.0 2.91
12250.0 2.37
12300.0 1.57
12350.0 1.08
12400.0 1.11
12450.0 1.04
12500.0 1.11
12550.0 1.93
12600.0 1.35
12650.0 0.97
12700.0 1.28
12750.0 1.68
12800.0 1.41
12850.0 0.96
12900.0 1.7
12950.0 1.42
13000.0 1.72
13050.0 1.91
13100.0 1.82
13150.0 1.51
13200.0 1.2
13250.0 0.49
13300.0 1.66
13350.0 1.27
13400.0 2.48
13450.0 2.08
13500.0 2.42
13550.0 1.48
13600.0 1.8
13650.0 2.14
13700.0 2.5
13750.0 1.82
13800.0 2.88
13850.0 1.29
13900.0 2.02
13950.0 1.82
14000.0 1.06
14050.0 1.75
14100.0 0.67
14150.0 1.65
14200.0 2.01
14250.0 1.55
14300.0 1.98
14350.0 2.99
14400.0 1.63
14450.0 1.53
14500.0 2.0
14550.0 1.82
14600.0 2.07
14650.0 2.82
14700.0 1.89
14750.0 1.23
14800.0 2.5
14850.0 1.42
14900.0 2.02
14950.0 2.19
15000.0 1.14
15050.0 2.11
15100.0 2.59
15150.0 2.16
15200.0 1.62
15250.0 1.74
15300.0 2.07
15350.0 1.29
15400.0 2.0
15450.0 2.78
15500.0 1.53
15550.0 2.25
15600.0 2.93
15650.0 1.26
15700.0 1.36
15750.0 1.43
15800.0 1.6
15850.0 1.43
15900.0 2.47
15950.0 1.17
16000.0 0.91
16050.0 2.48
16100.0 1.33
16150.0 1.14
16200.0 2.83
16250.0 1.72
16300.0 1.61
16350.0 3.18
16400.0 2.87
16450.0 1.99
16500.0 1.27
16550.0 2.11
16600.0 1.7
16650.0 1.8
16700.0 2.28
16750.0 2.2
16800.0 2.19
16850.0 1.6
16900.0 1.53
16950.0 2.15
17000.0 1.4
17050.0 1.25
17100.0 1.01
17150.0 2.04
17200.0 1.7
17250.0 1.64
17300.0 1.94
17350.0 1.51
17400.0 1.99
17450.0 1.7
17500.0 0.96
17550.0 0.6
17600.0 1.19
17650.0 0.42
17700.0 0.81
17750.0 1.21
17800.0 1.87
17850.0 0.45
17900.0 0.93
17950.0 1.25
18000.0 1.19
