6050.0 2.83
6100.0 3.33
6150.0 1.62
6200.0 1.13
6250.0 0.93
6300.0 1.66
6350.0 1.41
6400.0 1.0
6450.0 1.21
6500.0 1.78
6550.0 2.35
6600.0 2.23
6650.0 1.63
6700.0 1.36
6750.0 2.04
6800.0 2.21
6850.0 1.69
6900.0 1.59
6950.0 2.27
7000.0 2.04
7050.0 1.96
7100.0 1.8
7150.0 2.44
7200.0 2.25
7250.0 1.89
7300.0 1.33
7350.0 1.99
7400.0 2.1
7450.0 2.11
7500.0 1.75
7550.0 1.87
7600.0 2.47
7650.0 2.59
7700.0 1.2
7750.0 2.48
7800.0 2.66
7850.0 2.27
7900.0 2.13
7950.0 2.18
8000.0 1.76
8050.0 2.23
8100.0 1.26
8150.0 2.58
8200.0 1.31
8250.0 0.82
8300.0 1.36
8350.0 1.06
8400.0 0.98
8450.0 1.52
8500.0 0.55
8550.0 0.54
8600.0 1.55
8650.0 1.42
8700.0 0.86
8750.0 1.34
8800.0 2.08
8850.0 1.85
8900.0 1.09
8950.0 1.17
9000.0 1.76
9050.0 1.83
9100.0 1.58
9150.0 2.18
9200.0 2.75
9250.0 0.8
9300.0 2.33
9350.0 1.71
9400.0 2.04
9450.0 2.58
9500.0 1.65
9550.0 1.58
9600.0 2.47
9650.0 0.76
9700.0 2.17
9750.0 3.08
9800.0 2.52
9850.0 1.37
9900.0 1.94
9950.0 2.87
10000.0 1.51
10050.0 1.26
10100.0 2.46
10150.0 2.15
10200.0 2.37
10250.0 2.03
10300.0 2.54
10350.0 1.56
10400.0 2.24
10450.0 2.12
10500.0 1.92
10550.0 2.34
10600.0 1.92
10650.0 2.12
10700.0 2.01
10750.0 2.32
10800.0 2.01
10850.0 1.81
10900.0 1.93
10950.0 1.19
11000.0 1.91
11050.0 2.23
11100.0 2.32
11150.0 1.87
11200.0 1.34
11250.0 1.62
11300.0 1.07
11350.0 1.76
11400.0 1.79
11450.0 1.25
11500.0 1.6
11550.0 2.22
11600.0 1.84
11650.0 1.75
11700.0 2.07
11750.0 2.02
11800.0 1.45
11850.0 1.47
11900.0 2.25
11950.0 2.33
12000.0 2.2
12050.0 1.15
12100.0 1.3
12150.0 1.26
12200.0 2.12
12250.0 1.1
12300.0 0.52
12350.0 0.75
12400.0 0.96
12450.0 1.38
12500.0 1.26
12550.0 1.37
12600.0 1.36
12650.0 1.02
12700.0 1.43
12750.0 1.32
12800.0 0.59
12850.0 1.48
12900.0 1.21
12950.0 2.38
13000.0 2.3
13050.0 1.36
13100.0 2.49
13150.0 1.14
13200.0 2.46
13250.0 2.13
13300.0 1.52
13350.0 1.87
13400.0 1.79
13450.0 1.36
13500.0 1.42
13550.0 2.0
13600.0 2.06
13650.0 2.39
13700.0 1.9
13750.0 1.1
13800.0 1.68
13850.0 2.47
13900.0 2.62
13950.0 1.5
14000.0 1.72
14050.0 1.67
14100.0 1.82
14150.0 1.62
14200.0 2.38
14250.0 2.03
14300.0 2.01
14350.0 2.01
14400.0 0.93
14450.0 1.08
14500.0 2.21
14550.0 2.4
14600.0 1.51
14650.0 2.48
14700.0 1.42
14750.0 2.21
14800.0 1.98
14850.0 2.15
14900.0 0.92
14950.0 1.11
15000.0 1.65
15050.0 1.4
15100.0 0.95
15150.0 2.4
15200.0 1.6
15250.0 1.26
15300.0 1.72
15350.0 0.86
15400.0 1.24
15450.0 1.89
15500.0 0.82
15550.0 0.86
15600.0 2.08
15650.0 0.75
15700.0 2.27
15750.0 1.64
15800.0 1.84
15850.0 1.15
15900.0 1.39
15950.0 1.55
16000.0 1.47
16050.0 1.46
16100.0 1.66
16150.0 1.22
16200.0 1.86
16250.0 1.6
16300.0 0.91
16350.0 1.57
16400.0 1.51
16450.0 0.67
16500.0 1.28
16550.0 2.73
16600.0 1.13
16650.0 1.45
16700.0 1.6
16750.0 1.24
16800.0 1.3
16850.0 1.6
16900.0 0.81
16950.0 0.84
17000.0 1.41
17050.0 1.72
17100.0 1.35
17150.0 1.43
17200.0 1.93
17250.0 0.55
17300.0 1.84
17350.0 1.86
17400.0 0.88
17450.0 0.92
17500.0 1.43
17550.0 1.87
17600.0 2.01
17650.0 3.06
17700.0 1.53
17750.0 0.82
17800.0 1.38
17850.0 1.01
17900.0 0.76
17950.0 2.91
18000.0 1.04
