200.0 -0.15
205.0 -0.19
210.0 -0.32
215.0 -0.32
220.0 -0.17
225.0 -0.12
230.0 -0.18
235.0 -0.25
240.0 -0.34
245.0 -0.39
250.0 -0.4
255.0 -0.26
260.0 -0.13
265.0 -0.17
270.0 -0.18
275.0 -0.2
280.0 -0.04
285.0 -0.1
290.0 -0.1
295.0 -0.28
300.0 -0.35
305.0 -0.24
310.0 -0.16
315.0 -0.17
320.0 -0.15
325.0 -0.08
330.0 -0.04
335.0 -0.1
340.0 -0.2
345.0 -0.33
350.0 -0.27
355.0 -0.54
360.0 -0.51
365.0 -0.33
370.0 -0.38
375.0 -0.4
380.0 -0.53
385.0 -0.63
390.0 -0.56
395.0 -0.38
400.0 -0.37
405.0 -0.51
410.0 -0.56
415.0 -0.46
420.0 -0.34
425.0 -0.27
430.0 -0.28
435.0 -0.44
440.0 -0.34
445.0 -0.26
450.0 -0.31
455.0 -0.41
460.0 -0.29
465.0 -0.21
470.0 -0.19
475.0 -0.25
480.0 -0.75
485.0 -1.45
490.0 -0.39
495.0 0.08
500.0 0.16
510.0 0.03
520.0 -0.33
530.0 -0.83
540.0 -0.32
550.0 -0.39
560.0 -0.34
570.0 -0.06
580.0 -0.71
590.0 -1.0
600.0 -0.93
610.0 -0.8
620.0 -0.44
630.0 -0.52
640.0 -0.43
650.0 -0.02
660.0 -0.31
670.0 -0.31
680.0 0.13
690.0 -0.22
700.0 -0.63
710.0 -0.29
720.0 0.0
730.0 -0.45
740.0 -0.39
750.0 -0.23
760.0 -0.61
770.0 -0.65
780.0 -0.41
790.0 -0.78
800.0 -0.96
810.0 -0.65
820.0 -0.67
830.0 -1.09
840.0 -1.39
850.0 -1.17
860.0 -0.69
870.0 -0.37
880.0 -0.6
890.0 -0.4
900.0 -0.37
910.0 -0.52
920.0 -0.44
930.0 -0.69
940.0 -0.94
950.0 -1.25
960.0 -1.57
970.0 -1.68
980.0 -1.58
990.0 -1.57
1000.0 -1.71
