200.0 -0.12
205.0 -0.18
210.0 -0.22
215.0 -0.16
220.0 -0.05
225.0 -0.08
230.0 -0.21
235.0 -0.25
240.0 -0.24
245.0 -0.28
250.0 -0.23
255.0 -0.05
260.0 -0.02
265.0 -0.19
270.0 -0.05
275.0 -0.08
280.0 -0.09
285.0 0.0
290.0 -0.15
295.0 -0.27
300.0 -0.19
305.0 -0.24
310.0 -0.19
315.0 -0.18
320.0 -0.15
325.0 -0.1
330.0 -0.19
335.0 -0.33
340.0 -0.43
345.0 -0.23
350.0 -0.06
355.0 -0.11
360.0 -0.17
365.0 -0.11
370.0 -0.17
375.0 -0.17
380.0 -0.16
385.0 -0.17
390.0 -0.22
395.0 -0.12
400.0 -0.18
405.0 -0.2
410.0 -0.19
415.0 -0.2
420.0 -0.2
425.0 -0.15
430.0 -0.16
435.0 -0.15
440.0 -0.08
445.0 -0.12
450.0 -0.17
455.0 -0.24
460.0 -0.27
465.0 -0.3
470.0 -0.04
475.0 -0.13
480.0 -0.69
485.0 -1.42
490.0 -0.28
495.0 0.18
500.0 0.27
510.0 0.13
520.0 -0.48
530.0 -0.33
540.0 -0.21
550.0 -0.3
560.0 -0.2
570.0 -0.19
580.0 -0.83
590.0 -0.63
600.0 -0.45
610.0 -0.43
620.0 -0.29
630.0 -0.48
640.0 -0.23
650.0 -0.12
660.0 -0.38
670.0 -0.42
680.0 -0.16
690.0 -0.23
700.0 -0.78
710.0 -0.56
720.0 0.02
730.0 -0.53
740.0 -0.58
750.0 -0.54
760.0 -0.59
770.0 -0.11
780.0 -0.13
790.0 -0.39
800.0 -0.75
810.0 -0.6
820.0 -0.5
830.0 -0.58
840.0 -0.86
850.0 -0.7
860.0 -0.44
870.0 -0.16
880.0 -0.33
890.0 -0.43
900.0 -0.4
910.0 -0.76
920.0 -0.46
930.0 -0.67
940.0 -1.18
950.0 -1.7
960.0 -1.52
970.0 -1.0
980.0 -0.79
990.0 -0.9
1000.0 -1.09
