200.0 -0.28
205.0 -0.25
210.0 -0.51
215.0 -0.53
220.0 -0.37
225.0 -0.25
230.0 -0.36
235.0 -0.32
240.0 -0.49
245.0 -0.69
250.0 -0.72
255.0 -0.56
260.0 -0.46
265.0 -0.52
270.0 -0.73
275.0 -0.96
280.0 -0.72
285.0 -0.69
290.0 -0.79
295.0 -0.79
300.0 -0.72
305.0 -0.74
310.0 -0.51
315.0 -0.48
320.0 -0.46
325.0 -0.4
330.0 -0.43
335.0 -0.57
340.0 -0.74
345.0 -0.63
350.0 -0.37
355.0 -0.3
360.0 -0.46
365.0 -0.38
370.0 -0.43
375.0 -0.47
380.0 -0.53
385.0 -0.51
390.0 -0.57
395.0 -0.47
400.0 -0.57
405.0 -0.63
410.0 -0.69
415.0 -0.67
420.0 -0.7
425.0 -0.68
430.0 -0.66
435.0 -0.71
440.0 -0.72
445.0 -0.74
450.0 -0.79
455.0 -0.72
460.0 -0.7
465.0 -0.66
470.0 -0.49
475.0 -0.67
480.0 -1.18
485.0 -1.82
490.0 -0.92
495.0 -0.47
500.0 -0.46
510.0 -0.56
520.0 -1.04
530.0 -1.01
540.0 -0.56
550.0 -0.69
560.0 -0.53
570.0 -0.4
580.0 -1.09
590.0 -1.01
600.0 -0.71
610.0 -0.46
620.0 -0.37
630.0 -0.69
640.0 -0.83
650.0 -0.35
660.0 -0.74
670.0 -0.81
680.0 -1.0
690.0 -1.16
700.0 -1.38
710.0 -1.09
720.0 -0.72
730.0 -1.1
740.0 -1.15
750.0 -1.22
760.0 -1.31
770.0 -0.6
780.0 -0.38
790.0 -0.24
800.0 -0.59
810.0 -0.67
820.0 -0.64
830.0 -1.23
840.0 -1.48
850.0 -1.45
860.0 -0.9
870.0 -0.96
880.0 -1.17
890.0 -0.9
900.0 -0.84
910.0 -1.38
920.0 -1.48
930.0 -1.72
940.0 -2.07
950.0 -2.41
960.0 -2.38
970.0 -2.03
980.0 -1.76
990.0 -1.93
1000.0 -1.76
