200.0 -0.48
205.0 -0.55
210.0 -0.55
215.0 -0.59
220.0 -0.51
225.0 -0.5
230.0 -0.36
235.0 -0.66
240.0 -0.66
245.0 -0.67
250.0 -0.69
255.0 -0.52
260.0 -0.43
265.0 -0.6
270.0 -0.6
275.0 -0.67
280.0 -0.67
285.0 -0.94
290.0 -0.65
295.0 -0.63
300.0 -0.74
305.0 -0.65
310.0 -0.61
315.0 -0.66
320.0 -0.6
325.0 -0.55
330.0 -0.62
335.0 -0.74
340.0 -0.82
345.0 -0.84
350.0 -0.77
355.0 -0.83
360.0 -0.73
365.0 -0.5
370.0 -0.55
375.0 -0.67
380.0 -0.82
385.0 -0.85
390.0 -0.68
395.0 -0.4
400.0 -0.41
405.0 -0.6
410.0 -0.81
415.0 -0.82
420.0 -0.78
425.0 -0.73
430.0 -0.71
435.0 -0.69
440.0 -0.66
445.0 -0.68
450.0 -0.78
455.0 -0.96
460.0 -0.81
465.0 -0.66
470.0 -0.53
475.0 -0.69
480.0 -1.19
485.0 -2.06
490.0 -1.11
495.0 -0.5
500.0 -0.43
510.0 -0.5
520.0 -0.89
530.0 -0.97
540.0 -0.8
550.0 -0.8
560.0 -0.63
570.0 -0.42
580.0 -1.0
590.0 -1.1
600.0 -1.32
610.0 -0.8
620.0 -0.31
630.0 -0.44
640.0 -1.08
650.0 -0.68
660.0 -0.83
670.0 -0.75
680.0 -0.06
690.0 -0.38
700.0 -1.02
710.0 -1.23
720.0 -1.13
730.0 -1.62
740.0 -1.52
750.0 -1.64
760.0 -1.69
770.0 -0.96
780.0 -0.62
790.0 -1.03
800.0 -1.52
810.0 -0.94
820.0 -1.02
830.0 -1.48
840.0 -1.67
850.0 -1.79
860.0 -1.08
870.0 -0.83
880.0 -1.05
890.0 -1.0
900.0 -1.09
910.0 -1.39
920.0 -0.88
930.0 -1.31
940.0 -1.99
950.0 -2.36
960.0 -2.49
970.0 -2.07
980.0 -2.03
990.0 -2.01
1000.0 -2.21
