200.0 0.04
205.0 -0.07
210.0 -0.14
215.0 -0.03
220.0 -0.14
225.0 -0.28
230.0 -0.3
235.0 -0.36
240.0 -0.42
245.0 -0.23
250.0 -0.16
255.0 -0.13
260.0 -0.22
265.0 -0.52
270.0 -0.27
275.0 -0.02
280.0 -0.27
285.0 -0.41
290.0 -0.39
295.0 -0.48
300.0 -0.33
305.0 -0.25
310.0 -0.23
315.0 -0.3
320.0 -0.37
325.0 -0.19
330.0 -0.08
335.0 -0.13
340.0 -0.19
345.0 -0.34
350.0 -0.42
355.0 -0.17
360.0 -0.1
365.0 -0.15
370.0 -0.35
375.0 -0.54
380.0 -0.45
385.0 -0.16
390.0 -0.15
395.0 -0.2
400.0 -0.15
405.0 -0.28
410.0 -0.16
415.0 -0.22
420.0 -0.36
425.0 -0.2
430.0 -0.27
435.0 -0.16
440.0 -0.11
445.0 -0.33
450.0 -0.53
455.0 -0.3
460.0 -0.14
465.0 -0.04
470.0 -0.2
475.0 -0.4
480.0 -0.67
485.0 -0.93
490.0 -0.18
495.0 -0.02
500.0 -0.19
510.0 -0.77
520.0 -0.35
530.0 -0.39
540.0 -0.34
550.0 -0.62
560.0 -0.77
570.0 -0.13
580.0 -0.23
590.0 -0.82
600.0 -1.02
610.0 -0.52
620.0 -0.69
630.0 -0.72
640.0 -0.62
650.0 -0.57
660.0 -0.18
670.0 -0.15
680.0 -0.61
690.0 -0.62
700.0 -0.87
710.0 -0.8
720.0 -0.72
730.0 -0.54
740.0 -0.35
750.0 -0.36
760.0 -0.42
770.0 -0.87
780.0 -0.87
790.0 -0.45
800.0 -0.33
810.0 -0.68
820.0 -0.87
830.0 -1.14
840.0 -1.21
850.0 -0.5
860.0 -0.42
870.0 -0.62
880.0 -0.78
890.0 -1.47
900.0 -1.13
910.0 -0.92
920.0 -0.68
930.0 -0.54
940.0 -0.5
950.0 -0.63
960.0 -1.34
970.0 -1.31
980.0 -0.62
990.0 -0.57
1000.0 -0.89
