200.0 0.12
205.0 0.04
210.0 -0.17
215.0 -0.18
220.0 -0.32
225.0 -0.28
230.0 -0.23
235.0 -0.21
240.0 -0.45
245.0 -0.39
250.0 -0.36
255.0 -0.3
260.0 -0.37
265.0 -0.46
270.0 -0.44
275.0 -0.25
280.0 -0.24
285.0 -0.5
290.0 -0.53
295.0 -0.5
300.0 -0.26
305.0 -0.2
310.0 -0.1
315.0 -0.24
320.0 -0.4
325.0 -0.3
330.0 -0.31
335.0 -0.28
340.0 -0.2
345.0 -0.31
350.0 -0.23
355.0 -0.01
360.0 -0.06
365.0 -0.2
370.0 -0.46
375.0 -0.66
380.0 -0.35
385.0 -0.25
390.0 -0.32
395.0 -0.31
400.0 -0.26
405.0 -0.4
410.0 -0.37
415.0 -0.4
420.0 -0.36
425.0 -0.21
430.0 -0.2
435.0 -0.25
440.0 -0.4
445.0 -0.57
450.0 -0.49
455.0 -0.36
460.0 -0.3
465.0 -0.1
470.0 -0.23
475.0 -0.4
480.0 -0.45
485.0 -0.93
490.0 -0.28
495.0 -0.16
500.0 -0.36
510.0 -0.45
520.0 -0.28
530.0 -0.36
540.0 -0.33
550.0 -0.71
560.0 -0.64
570.0 -0.04
580.0 -0.29
590.0 -0.83
600.0 -0.61
610.0 -0.46
620.0 -0.88
630.0 -0.87
640.0 -0.47
650.0 -0.53
660.0 -0.49
670.0 -0.15
680.0 -0.36
690.0 -0.58
700.0 -1.24
710.0 -0.79
720.0 -0.48
730.0 -0.52
740.0 -0.49
750.0 -0.44
760.0 -0.54
770.0 -0.74
780.0 -0.62
790.0 -0.36
800.0 -0.28
810.0 -0.73
820.0 -1.19
830.0 -1.24
840.0 -0.84
850.0 -0.38
860.0 -0.38
870.0 -0.82
880.0 -0.91
890.0 -1.62
900.0 -0.62
910.0 -0.77
920.0 -0.61
930.0 -0.63
940.0 -0.63
950.0 -0.84
960.0 -1.43
970.0 -0.88
980.0 -0.5
990.0 -0.55
1000.0 -0.89
