200.0 -0.36
205.0 -0.31
210.0 -0.55
215.0 -0.46
220.0 -0.53
225.0 -0.64
230.0 -0.66
235.0 -0.53
240.0 -0.67
245.0 -0.61
250.0 -0.6
255.0 -0.67
260.0 -0.8
265.0 -0.95
270.0 -0.61
275.0 -0.3
280.0 -0.66
285.0 -0.96
290.0 -0.94
295.0 -1.15
300.0 -0.84
305.0 -0.82
310.0 -0.63
315.0 -0.63
320.0 -0.69
325.0 -0.66
330.0 -0.64
335.0 -0.76
340.0 -0.78
345.0 -0.76
350.0 -0.56
355.0 -0.4
360.0 -0.41
365.0 -0.59
370.0 -0.72
375.0 -0.89
380.0 -0.91
385.0 -0.65
390.0 -0.6
395.0 -0.62
400.0 -0.56
405.0 -0.72
410.0 -0.72
415.0 -0.78
420.0 -0.92
425.0 -0.73
430.0 -0.71
435.0 -0.59
440.0 -0.71
445.0 -1.0
450.0 -1.0
455.0 -0.68
460.0 -0.75
465.0 -0.82
470.0 -0.94
475.0 -0.95
480.0 -1.14
485.0 -1.71
490.0 -1.11
495.0 -0.87
500.0 -0.9
510.0 -1.11
520.0 -1.05
530.0 -0.96
540.0 -0.86
550.0 -0.98
560.0 -1.19
570.0 -0.53
580.0 -0.72
590.0 -1.16
600.0 -1.15
610.0 -0.72
620.0 -0.77
630.0 -1.08
640.0 -1.07
650.0 -1.35
660.0 -0.9
670.0 -0.59
680.0 -1.51
690.0 -1.35
700.0 -1.53
710.0 -1.5
720.0 -1.32
730.0 -1.38
740.0 -1.21
750.0 -1.21
760.0 -0.92
770.0 -1.08
780.0 -0.93
790.0 -0.84
800.0 -0.48
810.0 -0.8
820.0 -1.06
830.0 -1.3
840.0 -1.73
850.0 -1.66
860.0 -1.21
870.0 -1.18
880.0 -1.23
890.0 -1.72
900.0 -2.27
910.0 -2.25
920.0 -2.19
930.0 -2.02
940.0 -2.03
950.0 -1.43
960.0 -1.77
970.0 -2.2
980.0 -2.19
990.0 -1.71
1000.0 -1.82
