200.0 -0.43
205.0 -0.61
210.0 -0.51
215.0 -0.36
220.0 -0.43
225.0 -0.65
230.0 -0.49
235.0 -0.67
240.0 -0.73
245.0 -0.67
250.0 -0.62
255.0 -0.54
260.0 -0.48
265.0 -0.94
270.0 -0.76
275.0 -0.54
280.0 -0.62
285.0 -0.53
290.0 -0.55
295.0 -0.76
300.0 -0.85
305.0 -0.63
310.0 -0.59
315.0 -0.75
320.0 -0.94
325.0 -1.01
330.0 -0.83
335.0 -0.71
340.0 -0.62
345.0 -0.81
350.0 -0.97
355.0 -0.82
360.0 -0.69
365.0 -0.69
370.0 -0.88
375.0 -1.0
380.0 -1.02
385.0 -0.78
390.0 -0.73
395.0 -0.74
400.0 -0.56
405.0 -0.59
410.0 -0.74
415.0 -0.61
420.0 -0.62
425.0 -0.59
430.0 -0.51
435.0 -0.42
440.0 -0.42
445.0 -0.67
450.0 -1.1
455.0 -1.05
460.0 -0.86
465.0 -0.55
470.0 -0.46
475.0 -0.66
480.0 -1.09
485.0 -1.99
490.0 -1.18
495.0 -0.82
500.0 -0.92
510.0 -1.04
520.0 -0.78
530.0 -0.96
540.0 -0.78
550.0 -0.77
560.0 -1.27
570.0 -0.8
580.0 -0.59
590.0 -0.71
600.0 -1.45
610.0 -1.15
620.0 -0.84
630.0 -1.12
640.0 -1.19
650.0 -1.31
660.0 -1.15
670.0 -0.59
680.0 -0.81
690.0 -1.29
700.0 -1.45
710.0 -1.75
720.0 -1.24
730.0 -1.6
740.0 -1.59
750.0 -1.29
760.0 -0.96
770.0 -1.21
780.0 -1.17
790.0 -1.61
800.0 -0.96
810.0 -1.24
820.0 -1.72
830.0 -1.42
840.0 -1.96
850.0 -1.85
860.0 -1.37
870.0 -1.3
880.0 -1.13
890.0 -1.59
900.0 -2.26
910.0 -1.91
920.0 -1.68
930.0 -1.54
940.0 -1.82
950.0 -1.44
960.0 -1.77
970.0 -2.27
980.0 -2.37
990.0 -1.94
1000.0 -1.97
